2 6 90 5073
-1 0 0 -1 -1 12 12 12 12 10 11 10 11 10 11 10 11 7 9 8 8 7 9 8 8 7 9 8 8 7 9 8 8 1 6 5 5 4 4 4 4 1 6 5 5 4 4 4 4 1 6 5 5 4 4 4 4 1 6 5 5 4 4 4 4 1 1 3 3 2 2 2 2 0 0 0 0 0 0 0 0 1 1 3 3 2 2 2 2 0 0 0 0 0 0 0 0 1 1 3 3 2 2 2 2 0 0 0 0 0 0 0 0 1 1 3 3 2 2 2 2 0 0 0 0 0 0 0 0 
-1 0 1 -1 -1 -1 -1 -1 -1 -1 -1 -1 -1 -1 -1 -1 -1 13 19 18 18 14 20 7 7 13 19 18 18 14 20 7 7 13 13 16 16 15 15 15 15 14 14 17 17 1 1 1 1 13 13 16 16 15 15 15 15 14 14 17 17 1 1 1 1 13 13 13 13 16 16 16 16 15 15 15 15 15 15 15 15 14 14 14 14 17 17 17 17 1 1 1 1 1 1 1 1 13 13 13 13 16 16 16 16 15 15 15 15 15 15 15 15 14 14 14 14 17 17 17 17 1 1 1 1 1 1 1 1 
-1 0 2 -1 -1 -1 -1 -1 -1 -1 -1 -1 -1 -1 -1 -1 -1 -1 -1 -1 -1 -1 -1 -1 -1 -1 -1 -1 -1 -1 -1 -1 -1 16 30 27 27 15 32 29 29 17 31 28 28 1 6 5 5 16 30 27 27 15 32 29 29 17 31 28 28 1 6 5 5 16 16 24 24 21 21 21 21 15 15 26 26 23 23 23 23 17 17 25 25 22 22 22 22 1 1 3 3 2 2 2 2 16 16 24 24 21 21 21 21 15 15 26 26 23 23 23 23 17 17 25 25 22 22 22 22 1 1 3 3 2 2 2 2 
-1 0 3 -1 -1 -1 -1 -1 -1 -1 -1 -1 -1 -1 -1 -1 -1 -1 -1 -1 -1 -1 -1 -1 -1 -1 -1 -1 -1 -1 -1 -1 -1 13 35 16 30 15 32 15 32 14 36 17 31 1 6 1 6 13 35 16 30 15 32 15 32 14 36 17 31 1 6 1 6 13 13 33 33 16 16 24 24 15 15 26 26 15 15 26 26 14 14 34 34 17 17 25 25 1 1 3 3 1 1 3 3 13 13 33 33 16 16 24 24 15 15 26 26 15 15 26 26 14 14 34 34 17 17 25 25 1 1 3 3 1 1 3 3 
2 1 4 -1 -1 -1 -1 -1 -1 -1 -1 -1 -1 -1 -1 -1 -1 7 9 8 8 7 9 8 8 7 9 8 8 7 9 8 8 -1 -1 -1 -1 -1 -1 -1 -1 -1 -1 -1 -1 -1 -1 -1 -1 -1 -1 -1 -1 -1 -1 -1 -1 -1 -1 -1 -1 -1 -1 -1 -1 -1 -1 -1 -1 -1 -1 -1 -1 -1 -1 -1 -1 -1 -1 -1 -1 -1 -1 -1 -1 -1 -1 -1 -1 -1 -1 -1 -1 -1 -1 -1 -1 -1 -1 -1 -1 -1 -1 -1 -1 -1 -1 -1 -1 -1 -1 -1 -1 -1 -1 -1 -1 -1 -1 -1 -1 -1 -1 -1 -1 -1 -1 -1 -1 
2 1 5 -1 -1 -1 -1 -1 -1 -1 -1 -1 -1 -1 -1 -1 -1 19 37 18 39 20 38 7 9 19 37 18 39 20 38 7 9 -1 -1 -1 -1 -1 -1 -1 -1 -1 -1 -1 -1 -1 -1 -1 -1 -1 -1 -1 -1 -1 -1 -1 -1 -1 -1 -1 -1 -1 -1 -1 -1 -1 -1 -1 -1 -1 -1 -1 -1 -1 -1 -1 -1 -1 -1 -1 -1 -1 -1 -1 -1 -1 -1 -1 -1 -1 -1 -1 -1 -1 -1 -1 -1 -1 -1 -1 -1 -1 -1 -1 -1 -1 -1 -1 -1 -1 -1 -1 -1 -1 -1 -1 -1 -1 -1 -1 -1 -1 -1 -1 -1 -1 -1 -1 -1 
2 1 6 -1 -1 -1 -1 -1 -1 -1 -1 -1 -1 -1 -1 -1 -1 13 19 18 18 14 20 7 7 13 19 18 18 14 20 7 7 -1 -1 -1 -1 -1 -1 -1 -1 -1 -1 -1 -1 -1 -1 -1 -1 -1 -1 -1 -1 -1 -1 -1 -1 -1 -1 -1 -1 -1 -1 -1 -1 -1 -1 -1 -1 -1 -1 -1 -1 -1 -1 -1 -1 -1 -1 -1 -1 -1 -1 -1 -1 -1 -1 -1 -1 -1 -1 -1 -1 -1 -1 -1 -1 -1 -1 -1 -1 -1 -1 -1 -1 -1 -1 -1 -1 -1 -1 -1 -1 -1 -1 -1 -1 -1 -1 -1 -1 -1 -1 -1 -1 -1 -1 -1 -1 
2 1 7 -1 -1 -1 -1 -1 -1 40 42 41 10 40 42 41 10 40 42 41 10 40 42 41 10 40 42 41 10 40 42 41 10 -1 -1 -1 -1 -1 -1 -1 -1 -1 -1 -1 -1 -1 -1 -1 -1 -1 -1 -1 -1 -1 -1 -1 -1 -1 -1 -1 -1 -1 -1 -1 -1 -1 -1 -1 -1 -1 -1 -1 -1 -1 -1 -1 -1 -1 -1 -1 -1 -1 -1 -1 -1 -1 -1 -1 -1 -1 -1 -1 -1 -1 -1 -1 -1 -1 -1 -1 -1 -1 -1 -1 -1 -1 -1 -1 -1 -1 -1 -1 -1 -1 -1 -1 -1 -1 -1 -1 -1 -1 -1 -1 -1 -1 -1 -1 -1 
1 1 8 -1 -1 -1 -1 -1 -1 10 11 10 11 10 11 10 11 -1 -1 -1 -1 -1 -1 -1 -1 -1 -1 -1 -1 -1 -1 -1 -1 -1 -1 -1 -1 -1 -1 -1 -1 -1 -1 -1 -1 -1 -1 -1 -1 -1 -1 -1 -1 -1 -1 -1 -1 -1 -1 -1 -1 -1 -1 -1 -1 -1 -1 -1 -1 -1 -1 -1 -1 -1 -1 -1 -1 -1 -1 -1 -1 -1 -1 -1 -1 -1 -1 -1 -1 -1 -1 -1 -1 -1 -1 -1 -1 -1 -1 -1 -1 -1 -1 -1 -1 -1 -1 -1 -1 -1 -1 -1 -1 -1 -1 -1 -1 -1 -1 -1 -1 -1 -1 -1 -1 -1 -1 -1 -1 
1 1 9 -1 -1 -1 -1 -1 -1 40 42 41 10 40 42 41 10 -1 -1 -1 -1 -1 -1 -1 -1 -1 -1 -1 -1 -1 -1 -1 -1 -1 -1 -1 -1 -1 -1 -1 -1 -1 -1 -1 -1 -1 -1 -1 -1 -1 -1 -1 -1 -1 -1 -1 -1 -1 -1 -1 -1 -1 -1 -1 -1 -1 -1 -1 -1 -1 -1 -1 -1 -1 -1 -1 -1 -1 -1 -1 -1 -1 -1 -1 -1 -1 -1 -1 -1 -1 -1 -1 -1 -1 -1 -1 -1 -1 -1 -1 -1 -1 -1 -1 -1 -1 -1 -1 -1 -1 -1 -1 -1 -1 -1 -1 -1 -1 -1 -1 -1 -1 -1 -1 -1 -1 -1 -1 -1 
1 1 10 -1 -1 43 12 43 12 43 12 43 12 43 12 43 12 -1 -1 -1 -1 -1 -1 -1 -1 -1 -1 -1 -1 -1 -1 -1 -1 -1 -1 -1 -1 -1 -1 -1 -1 -1 -1 -1 -1 -1 -1 -1 -1 -1 -1 -1 -1 -1 -1 -1 -1 -1 -1 -1 -1 -1 -1 -1 -1 -1 -1 -1 -1 -1 -1 -1 -1 -1 -1 -1 -1 -1 -1 -1 -1 -1 -1 -1 -1 -1 -1 -1 -1 -1 -1 -1 -1 -1 -1 -1 -1 -1 -1 -1 -1 -1 -1 -1 -1 -1 -1 -1 -1 -1 -1 -1 -1 -1 -1 -1 -1 -1 -1 -1 -1 -1 -1 -1 -1 -1 -1 -1 -1 
0 1 11 -1 -1 12 12 12 12 -1 -1 -1 -1 -1 -1 -1 -1 -1 -1 -1 -1 -1 -1 -1 -1 -1 -1 -1 -1 -1 -1 -1 -1 -1 -1 -1 -1 -1 -1 -1 -1 -1 -1 -1 -1 -1 -1 -1 -1 -1 -1 -1 -1 -1 -1 -1 -1 -1 -1 -1 -1 -1 -1 -1 -1 -1 -1 -1 -1 -1 -1 -1 -1 -1 -1 -1 -1 -1 -1 -1 -1 -1 -1 -1 -1 -1 -1 -1 -1 -1 -1 -1 -1 -1 -1 -1 -1 -1 -1 -1 -1 -1 -1 -1 -1 -1 -1 -1 -1 -1 -1 -1 -1 -1 -1 -1 -1 -1 -1 -1 -1 -1 -1 -1 -1 -1 -1 -1 -1 
1 1 12 44 44 44 44 44 44 44 44 44 44 44 44 44 44 -1 -1 -1 -1 -1 -1 -1 -1 -1 -1 -1 -1 -1 -1 -1 -1 -1 -1 -1 -1 -1 -1 -1 -1 -1 -1 -1 -1 -1 -1 -1 -1 -1 -1 -1 -1 -1 -1 -1 -1 -1 -1 -1 -1 -1 -1 -1 -1 -1 -1 -1 -1 -1 -1 -1 -1 -1 -1 -1 -1 -1 -1 -1 -1 -1 -1 -1 -1 -1 -1 -1 -1 -1 -1 -1 -1 -1 -1 -1 -1 -1 -1 -1 -1 -1 -1 -1 -1 -1 -1 -1 -1 -1 -1 -1 -1 -1 -1 -1 -1 -1 -1 -1 -1 -1 -1 -1 -1 -1 -1 -1 -1 
-1 0 13 -1 -1 -1 -1 -1 -1 -1 44 46 43 45 51 47 40 -1 -1 48 48 46 46 50 50 45 45 49 49 47 47 13 13 -1 -1 -1 -1 48 48 48 48 46 46 46 46 50 50 50 50 45 45 45 45 49 49 49 49 47 47 47 47 13 13 13 13 -1 -1 -1 -1 -1 -1 -1 -1 48 48 48 48 48 48 48 48 46 46 46 46 46 46 46 46 50 50 50 50 50 50 50 50 45 45 45 45 45 45 45 45 49 49 49 49 49 49 49 49 47 47 47 47 47 47 47 47 13 13 13 13 13 13 13 13 
-1 0 14 -1 -1 -1 -1 -1 -1 47 40 41 41 47 40 41 41 47 47 13 13 14 14 14 14 47 47 13 13 14 14 14 14 47 47 47 47 13 13 13 13 14 14 14 14 14 14 14 14 47 47 47 47 13 13 13 13 14 14 14 14 14 14 14 14 47 47 47 47 47 47 47 47 13 13 13 13 13 13 13 13 14 14 14 14 14 14 14 14 14 14 14 14 14 14 14 14 47 47 47 47 47 47 47 47 13 13 13 13 13 13 13 13 14 14 14 14 14 14 14 14 14 14 14 14 14 14 14 14 
-1 0 15 -1 -1 -1 -1 -1 -1 -1 -1 -1 -1 -1 -1 -1 -1 50 40 41 41 50 40 41 41 13 19 18 18 13 19 18 18 50 50 53 53 52 52 52 52 50 50 53 53 52 52 52 52 13 13 16 16 15 15 15 15 13 13 16 16 15 15 15 15 50 50 50 50 53 53 53 53 52 52 52 52 52 52 52 52 50 50 50 50 53 53 53 53 52 52 52 52 52 52 52 52 13 13 13 13 16 16 16 16 15 15 15 15 15 15 15 15 13 13 13 13 16 16 16 16 15 15 15 15 15 15 15 15 
-1 0 16 -1 -1 -1 -1 -1 -1 -1 -1 -1 -1 -1 -1 -1 -1 -1 44 48 43 46 51 50 40 45 60 49 62 47 61 13 19 -1 -1 54 54 48 48 58 58 46 46 56 56 50 50 53 53 45 45 55 55 49 49 59 59 47 47 57 57 13 13 16 16 -1 -1 -1 -1 54 54 54 54 48 48 48 48 58 58 58 58 46 46 46 46 56 56 56 56 50 50 50 50 53 53 53 53 45 45 45 45 55 55 55 55 49 49 49 49 59 59 59 59 47 47 47 47 57 57 57 57 13 13 13 13 16 16 16 16 
-1 0 17 -1 -1 -1 -1 -1 -1 -1 -1 -1 -1 -1 -1 -1 -1 47 61 13 19 14 20 14 20 47 61 13 19 14 20 14 20 47 47 57 57 13 13 16 16 14 14 17 17 14 14 17 17 47 47 57 57 13 13 16 16 14 14 17 17 14 14 17 17 47 47 47 47 57 57 57 57 13 13 13 13 16 16 16 16 14 14 14 14 17 17 17 17 14 14 14 14 17 17 17 17 47 47 47 47 57 57 57 57 13 13 13 13 16 16 16 16 14 14 14 14 17 17 17 17 14 14 14 14 17 17 17 17 
2 1 18 -1 -1 -1 -1 -1 -1 43 12 43 12 40 42 40 42 43 12 43 12 40 42 40 42 43 12 43 12 40 42 40 42 -1 -1 -1 -1 -1 -1 -1 -1 -1 -1 -1 -1 -1 -1 -1 -1 -1 -1 -1 -1 -1 -1 -1 -1 -1 -1 -1 -1 -1 -1 -1 -1 -1 -1 -1 -1 -1 -1 -1 -1 -1 -1 -1 -1 -1 -1 -1 -1 -1 -1 -1 -1 -1 -1 -1 -1 -1 -1 -1 -1 -1 -1 -1 -1 -1 -1 -1 -1 -1 -1 -1 -1 -1 -1 -1 -1 -1 -1 -1 -1 -1 -1 -1 -1 -1 -1 -1 -1 -1 -1 -1 -1 -1 -1 -1 -1 
2 1 19 -1 -1 -1 -1 -1 -1 -1 44 46 43 45 51 47 40 -1 44 48 43 46 51 50 40 -1 44 48 43 46 51 50 40 -1 -1 -1 -1 -1 -1 -1 -1 -1 -1 -1 -1 -1 -1 -1 -1 -1 -1 -1 -1 -1 -1 -1 -1 -1 -1 -1 -1 -1 -1 -1 -1 -1 -1 -1 -1 -1 -1 -1 -1 -1 -1 -1 -1 -1 -1 -1 -1 -1 -1 -1 -1 -1 -1 -1 -1 -1 -1 -1 -1 -1 -1 -1 -1 -1 -1 -1 -1 -1 -1 -1 -1 -1 -1 -1 -1 -1 -1 -1 -1 -1 -1 -1 -1 -1 -1 -1 -1 -1 -1 -1 -1 -1 -1 -1 -1 
2 1 20 -1 -1 -1 -1 -1 -1 47 40 41 41 47 40 41 41 50 40 41 41 50 40 41 41 50 40 41 41 50 40 41 41 -1 -1 -1 -1 -1 -1 -1 -1 -1 -1 -1 -1 -1 -1 -1 -1 -1 -1 -1 -1 -1 -1 -1 -1 -1 -1 -1 -1 -1 -1 -1 -1 -1 -1 -1 -1 -1 -1 -1 -1 -1 -1 -1 -1 -1 -1 -1 -1 -1 -1 -1 -1 -1 -1 -1 -1 -1 -1 -1 -1 -1 -1 -1 -1 -1 -1 -1 -1 -1 -1 -1 -1 -1 -1 -1 -1 -1 -1 -1 -1 -1 -1 -1 -1 -1 -1 -1 -1 -1 -1 -1 -1 -1 -1 -1 -1 
-1 0 21 -1 -1 -1 -1 -1 -1 -1 -1 -1 -1 -1 -1 -1 -1 -1 -1 -1 -1 -1 -1 -1 -1 -1 -1 -1 -1 -1 -1 -1 -1 58 40 41 41 58 40 41 41 53 19 18 18 53 19 18 18 59 70 69 69 59 70 69 69 16 30 27 27 16 30 27 27 58 58 66 66 63 63 63 63 58 58 66 66 63 63 63 63 53 53 68 68 65 65 65 65 53 53 68 68 65 65 65 65 59 59 67 67 64 64 64 64 59 59 67 67 64 64 64 64 16 16 24 24 21 21 21 21 16 16 24 24 21 21 21 21 
-1 0 22 -1 -1 -1 -1 -1 -1 -1 -1 -1 -1 -1 -1 -1 -1 -1 -1 -1 -1 -1 -1 -1 -1 -1 -1 -1 -1 -1 -1 -1 -1 16 30 27 27 16 30 27 27 17 31 28 28 17 31 28 28 16 30 27 27 16 30 27 27 17 31 28 28 17 31 28 28 16 16 24 24 21 21 21 21 16 16 24 24 21 21 21 21 17 17 25 25 22 22 22 22 17 17 25 25 22 22 22 22 16 16 24 24 21 21 21 21 16 16 24 24 21 21 21 21 17 17 25 25 22 22 22 22 17 17 25 25 22 22 22 22 
-1 0 23 -1 -1 -1 -1 -1 -1 -1 -1 -1 -1 -1 -1 -1 -1 -1 -1 -1 -1 -1 -1 -1 -1 -1 -1 -1 -1 -1 -1 -1 -1 53 19 18 18 52 20 7 7 53 19 18 18 52 20 7 7 16 30 27 27 15 32 29 29 16 30 27 27 15 32 29 29 53 53 68 68 65 65 65 65 52 52 72 72 71 71 71 71 53 53 68 68 65 65 65 65 52 52 72 72 71 71 71 71 16 16 24 24 21 21 21 21 15 15 26 26 23 23 23 23 16 16 24 24 21 21 21 21 15 15 26 26 23 23 23 23 
-1 0 24 -1 -1 -1 -1 -1 -1 -1 -1 -1 -1 -1 -1 -1 -1 -1 -1 -1 -1 -1 -1 -1 -1 -1 -1 -1 -1 -1 -1 -1 -1 -1 44 54 43 48 51 58 40 46 60 56 62 50 61 53 19 45 84 55 87 49 86 59 70 47 85 57 88 13 35 16 30 -1 -1 73 73 54 54 80 80 48 48 77 77 58 58 66 66 46 46 75 75 56 56 82 82 50 50 79 79 53 53 68 68 45 45 74 74 55 55 81 81 49 49 78 78 59 59 67 67 47 47 76 76 57 57 83 83 13 13 33 33 16 16 24 24 
-1 0 25 -1 -1 -1 -1 -1 -1 -1 -1 -1 -1 -1 -1 -1 -1 -1 -1 -1 -1 -1 -1 -1 -1 -1 -1 -1 -1 -1 -1 -1 -1 47 85 57 88 13 35 16 30 14 36 17 31 14 36 17 31 47 85 57 88 13 35 16 30 14 36 17 31 14 36 17 31 47 47 76 76 57 57 83 83 13 13 33 33 16 16 24 24 14 14 34 34 17 17 25 25 14 14 34 34 17 17 25 25 47 47 76 76 57 57 83 83 13 13 33 33 16 16 24 24 14 14 34 34 17 17 25 25 14 14 34 34 17 17 25 25 
-1 0 26 -1 -1 -1 -1 -1 -1 -1 -1 -1 -1 -1 -1 -1 -1 -1 -1 -1 -1 -1 -1 -1 -1 -1 -1 -1 -1 -1 -1 -1 -1 50 61 53 19 52 20 52 20 50 61 53 19 52 20 52 20 13 35 16 30 15 32 15 32 13 35 16 30 15 32 15 32 50 50 79 79 53 53 68 68 52 52 72 72 52 52 72 72 50 50 79 79 53 53 68 68 52 52 72 72 52 52 72 72 13 13 33 33 16 16 24 24 15 15 26 26 15 15 26 26 13 13 33 33 16 16 24 24 15 15 26 26 15 15 26 26 
2 1 27 -1 -1 -1 -1 -1 -1 -1 -1 -1 -1 -1 -1 -1 -1 43 12 43 12 40 42 40 42 62 89 62 89 19 37 19 37 -1 -1 -1 -1 -1 -1 -1 -1 -1 -1 -1 -1 -1 -1 -1 -1 -1 -1 -1 -1 -1 -1 -1 -1 -1 -1 -1 -1 -1 -1 -1 -1 -1 -1 -1 -1 -1 -1 -1 -1 -1 -1 -1 -1 -1 -1 -1 -1 -1 -1 -1 -1 -1 -1 -1 -1 -1 -1 -1 -1 -1 -1 -1 -1 -1 -1 -1 -1 -1 -1 -1 -1 -1 -1 -1 -1 -1 -1 -1 -1 -1 -1 -1 -1 -1 -1 -1 -1 -1 -1 -1 -1 -1 -1 -1 -1 
2 1 28 -1 -1 -1 -1 -1 -1 -1 -1 -1 -1 -1 -1 -1 -1 19 37 19 37 20 38 20 38 19 37 19 37 20 38 20 38 -1 -1 -1 -1 -1 -1 -1 -1 -1 -1 -1 -1 -1 -1 -1 -1 -1 -1 -1 -1 -1 -1 -1 -1 -1 -1 -1 -1 -1 -1 -1 -1 -1 -1 -1 -1 -1 -1 -1 -1 -1 -1 -1 -1 -1 -1 -1 -1 -1 -1 -1 -1 -1 -1 -1 -1 -1 -1 -1 -1 -1 -1 -1 -1 -1 -1 -1 -1 -1 -1 -1 -1 -1 -1 -1 -1 -1 -1 -1 -1 -1 -1 -1 -1 -1 -1 -1 -1 -1 -1 -1 -1 -1 -1 -1 -1 
2 1 29 -1 -1 -1 -1 -1 -1 -1 -1 -1 -1 -1 -1 -1 -1 40 42 41 10 40 42 41 10 19 37 18 39 19 37 18 39 -1 -1 -1 -1 -1 -1 -1 -1 -1 -1 -1 -1 -1 -1 -1 -1 -1 -1 -1 -1 -1 -1 -1 -1 -1 -1 -1 -1 -1 -1 -1 -1 -1 -1 -1 -1 -1 -1 -1 -1 -1 -1 -1 -1 -1 -1 -1 -1 -1 -1 -1 -1 -1 -1 -1 -1 -1 -1 -1 -1 -1 -1 -1 -1 -1 -1 -1 -1 -1 -1 -1 -1 -1 -1 -1 -1 -1 -1 -1 -1 -1 -1 -1 -1 -1 -1 -1 -1 -1 -1 -1 -1 -1 -1 -1 -1 
2 1 30 -1 -1 -1 -1 -1 -1 -1 -1 -1 -1 -1 -1 -1 -1 -1 44 48 43 46 51 50 40 45 60 49 62 47 61 13 19 -1 -1 -1 -1 -1 -1 -1 -1 -1 -1 -1 -1 -1 -1 -1 -1 -1 -1 -1 -1 -1 -1 -1 -1 -1 -1 -1 -1 -1 -1 -1 -1 -1 -1 -1 -1 -1 -1 -1 -1 -1 -1 -1 -1 -1 -1 -1 -1 -1 -1 -1 -1 -1 -1 -1 -1 -1 -1 -1 -1 -1 -1 -1 -1 -1 -1 -1 -1 -1 -1 -1 -1 -1 -1 -1 -1 -1 -1 -1 -1 -1 -1 -1 -1 -1 -1 -1 -1 -1 -1 -1 -1 -1 -1 -1 -1 
2 1 31 -1 -1 -1 -1 -1 -1 -1 -1 -1 -1 -1 -1 -1 -1 47 61 13 19 14 20 14 20 47 61 13 19 14 20 14 20 -1 -1 -1 -1 -1 -1 -1 -1 -1 -1 -1 -1 -1 -1 -1 -1 -1 -1 -1 -1 -1 -1 -1 -1 -1 -1 -1 -1 -1 -1 -1 -1 -1 -1 -1 -1 -1 -1 -1 -1 -1 -1 -1 -1 -1 -1 -1 -1 -1 -1 -1 -1 -1 -1 -1 -1 -1 -1 -1 -1 -1 -1 -1 -1 -1 -1 -1 -1 -1 -1 -1 -1 -1 -1 -1 -1 -1 -1 -1 -1 -1 -1 -1 -1 -1 -1 -1 -1 -1 -1 -1 -1 -1 -1 -1 -1 
2 1 32 -1 -1 -1 -1 -1 -1 -1 -1 -1 -1 -1 -1 -1 -1 50 40 41 41 50 40 41 41 13 19 18 18 13 19 18 18 -1 -1 -1 -1 -1 -1 -1 -1 -1 -1 -1 -1 -1 -1 -1 -1 -1 -1 -1 -1 -1 -1 -1 -1 -1 -1 -1 -1 -1 -1 -1 -1 -1 -1 -1 -1 -1 -1 -1 -1 -1 -1 -1 -1 -1 -1 -1 -1 -1 -1 -1 -1 -1 -1 -1 -1 -1 -1 -1 -1 -1 -1 -1 -1 -1 -1 -1 -1 -1 -1 -1 -1 -1 -1 -1 -1 -1 -1 -1 -1 -1 -1 -1 -1 -1 -1 -1 -1 -1 -1 -1 -1 -1 -1 -1 -1 
-1 0 33 -1 -1 -1 -1 -1 -1 -1 -1 -1 -1 -1 -1 -1 -1 -1 -1 -1 -1 -1 -1 -1 -1 -1 -1 -1 -1 -1 -1 -1 -1 -1 44 -1 44 48 51 48 51 46 60 46 60 50 61 50 61 45 84 45 84 49 86 49 86 47 85 47 85 13 35 13 35 -1 -1 73 73 -1 -1 73 73 48 48 77 77 48 48 77 77 46 46 75 75 46 46 75 75 50 50 79 79 50 50 79 79 45 45 74 74 45 45 74 74 49 49 78 78 49 49 78 78 47 47 76 76 47 47 76 76 13 13 33 33 13 13 33 33 
-1 0 34 -1 -1 -1 -1 -1 -1 -1 -1 -1 -1 -1 -1 -1 -1 -1 -1 -1 -1 -1 -1 -1 -1 -1 -1 -1 -1 -1 -1 -1 -1 47 85 47 85 13 35 13 35 14 36 14 36 14 36 14 36 47 85 47 85 13 35 13 35 14 36 14 36 14 36 14 36 47 47 76 76 47 47 76 76 13 13 33 33 13 13 33 33 14 14 34 34 14 14 34 34 14 14 34 34 14 14 34 34 47 47 76 76 47 47 76 76 13 13 33 33 13 13 33 33 14 14 34 34 14 14 34 34 14 14 34 34 14 14 34 34 
2 1 35 -1 -1 -1 -1 -1 -1 -1 -1 -1 -1 -1 -1 -1 -1 -1 -1 48 48 46 46 50 50 45 45 49 49 47 47 13 13 -1 -1 -1 -1 -1 -1 -1 -1 -1 -1 -1 -1 -1 -1 -1 -1 -1 -1 -1 -1 -1 -1 -1 -1 -1 -1 -1 -1 -1 -1 -1 -1 -1 -1 -1 -1 -1 -1 -1 -1 -1 -1 -1 -1 -1 -1 -1 -1 -1 -1 -1 -1 -1 -1 -1 -1 -1 -1 -1 -1 -1 -1 -1 -1 -1 -1 -1 -1 -1 -1 -1 -1 -1 -1 -1 -1 -1 -1 -1 -1 -1 -1 -1 -1 -1 -1 -1 -1 -1 -1 -1 -1 -1 -1 -1 -1 
2 1 36 -1 -1 -1 -1 -1 -1 -1 -1 -1 -1 -1 -1 -1 -1 47 47 13 13 14 14 14 14 47 47 13 13 14 14 14 14 -1 -1 -1 -1 -1 -1 -1 -1 -1 -1 -1 -1 -1 -1 -1 -1 -1 -1 -1 -1 -1 -1 -1 -1 -1 -1 -1 -1 -1 -1 -1 -1 -1 -1 -1 -1 -1 -1 -1 -1 -1 -1 -1 -1 -1 -1 -1 -1 -1 -1 -1 -1 -1 -1 -1 -1 -1 -1 -1 -1 -1 -1 -1 -1 -1 -1 -1 -1 -1 -1 -1 -1 -1 -1 -1 -1 -1 -1 -1 -1 -1 -1 -1 -1 -1 -1 -1 -1 -1 -1 -1 -1 -1 -1 -1 -1 
1 1 37 -1 -1 -1 -1 -1 -1 44 44 43 43 51 51 40 40 -1 -1 -1 -1 -1 -1 -1 -1 -1 -1 -1 -1 -1 -1 -1 -1 -1 -1 -1 -1 -1 -1 -1 -1 -1 -1 -1 -1 -1 -1 -1 -1 -1 -1 -1 -1 -1 -1 -1 -1 -1 -1 -1 -1 -1 -1 -1 -1 -1 -1 -1 -1 -1 -1 -1 -1 -1 -1 -1 -1 -1 -1 -1 -1 -1 -1 -1 -1 -1 -1 -1 -1 -1 -1 -1 -1 -1 -1 -1 -1 -1 -1 -1 -1 -1 -1 -1 -1 -1 -1 -1 -1 -1 -1 -1 -1 -1 -1 -1 -1 -1 -1 -1 -1 -1 -1 -1 -1 -1 -1 -1 -1 
1 1 38 -1 -1 -1 -1 -1 -1 40 40 41 41 40 40 41 41 -1 -1 -1 -1 -1 -1 -1 -1 -1 -1 -1 -1 -1 -1 -1 -1 -1 -1 -1 -1 -1 -1 -1 -1 -1 -1 -1 -1 -1 -1 -1 -1 -1 -1 -1 -1 -1 -1 -1 -1 -1 -1 -1 -1 -1 -1 -1 -1 -1 -1 -1 -1 -1 -1 -1 -1 -1 -1 -1 -1 -1 -1 -1 -1 -1 -1 -1 -1 -1 -1 -1 -1 -1 -1 -1 -1 -1 -1 -1 -1 -1 -1 -1 -1 -1 -1 -1 -1 -1 -1 -1 -1 -1 -1 -1 -1 -1 -1 -1 -1 -1 -1 -1 -1 -1 -1 -1 -1 -1 -1 -1 -1 
1 1 39 -1 -1 -1 -1 -1 -1 43 12 43 12 40 42 40 42 -1 -1 -1 -1 -1 -1 -1 -1 -1 -1 -1 -1 -1 -1 -1 -1 -1 -1 -1 -1 -1 -1 -1 -1 -1 -1 -1 -1 -1 -1 -1 -1 -1 -1 -1 -1 -1 -1 -1 -1 -1 -1 -1 -1 -1 -1 -1 -1 -1 -1 -1 -1 -1 -1 -1 -1 -1 -1 -1 -1 -1 -1 -1 -1 -1 -1 -1 -1 -1 -1 -1 -1 -1 -1 -1 -1 -1 -1 -1 -1 -1 -1 -1 -1 -1 -1 -1 -1 -1 -1 -1 -1 -1 -1 -1 -1 -1 -1 -1 -1 -1 -1 -1 -1 -1 -1 -1 -1 -1 -1 -1 -1 
2 1 40 -1 -1 -1 44 45 43 -1 44 46 43 -1 44 46 43 -1 44 48 43 -1 44 48 43 -1 44 48 43 -1 44 48 43 -1 -1 -1 -1 -1 -1 -1 -1 -1 -1 -1 -1 -1 -1 -1 -1 -1 -1 -1 -1 -1 -1 -1 -1 -1 -1 -1 -1 -1 -1 -1 -1 -1 -1 -1 -1 -1 -1 -1 -1 -1 -1 -1 -1 -1 -1 -1 -1 -1 -1 -1 -1 -1 -1 -1 -1 -1 -1 -1 -1 -1 -1 -1 -1 -1 -1 -1 -1 -1 -1 -1 -1 -1 -1 -1 -1 -1 -1 -1 -1 -1 -1 -1 -1 -1 -1 -1 -1 -1 -1 -1 -1 -1 -1 -1 -1 
2 1 41 -1 -1 43 12 43 12 43 12 43 12 43 12 43 12 43 12 43 12 43 12 43 12 43 12 43 12 43 12 43 12 -1 -1 -1 -1 -1 -1 -1 -1 -1 -1 -1 -1 -1 -1 -1 -1 -1 -1 -1 -1 -1 -1 -1 -1 -1 -1 -1 -1 -1 -1 -1 -1 -1 -1 -1 -1 -1 -1 -1 -1 -1 -1 -1 -1 -1 -1 -1 -1 -1 -1 -1 -1 -1 -1 -1 -1 -1 -1 -1 -1 -1 -1 -1 -1 -1 -1 -1 -1 -1 -1 -1 -1 -1 -1 -1 -1 -1 -1 -1 -1 -1 -1 -1 -1 -1 -1 -1 -1 -1 -1 -1 -1 -1 -1 -1 -1 
1 1 42 -1 -1 44 44 43 43 44 44 43 43 44 44 43 43 -1 -1 -1 -1 -1 -1 -1 -1 -1 -1 -1 -1 -1 -1 -1 -1 -1 -1 -1 -1 -1 -1 -1 -1 -1 -1 -1 -1 -1 -1 -1 -1 -1 -1 -1 -1 -1 -1 -1 -1 -1 -1 -1 -1 -1 -1 -1 -1 -1 -1 -1 -1 -1 -1 -1 -1 -1 -1 -1 -1 -1 -1 -1 -1 -1 -1 -1 -1 -1 -1 -1 -1 -1 -1 -1 -1 -1 -1 -1 -1 -1 -1 -1 -1 -1 -1 -1 -1 -1 -1 -1 -1 -1 -1 -1 -1 -1 -1 -1 -1 -1 -1 -1 -1 -1 -1 -1 -1 -1 -1 -1 -1 
2 1 43 -1 44 -1 44 -1 44 -1 44 -1 44 -1 44 -1 44 -1 44 -1 44 -1 44 -1 44 -1 44 -1 44 -1 44 -1 44 -1 -1 -1 -1 -1 -1 -1 -1 -1 -1 -1 -1 -1 -1 -1 -1 -1 -1 -1 -1 -1 -1 -1 -1 -1 -1 -1 -1 -1 -1 -1 -1 -1 -1 -1 -1 -1 -1 -1 -1 -1 -1 -1 -1 -1 -1 -1 -1 -1 -1 -1 -1 -1 -1 -1 -1 -1 -1 -1 -1 -1 -1 -1 -1 -1 -1 -1 -1 -1 -1 -1 -1 -1 -1 -1 -1 -1 -1 -1 -1 -1 -1 -1 -1 -1 -1 -1 -1 -1 -1 -1 -1 -1 -1 -1 -1 
2 1 44 -1 -1 -1 -1 -1 -1 -1 -1 -1 -1 -1 -1 -1 -1 -1 -1 -1 -1 -1 -1 -1 -1 -1 -1 -1 -1 -1 -1 -1 -1 -1 -1 -1 -1 -1 -1 -1 -1 -1 -1 -1 -1 -1 -1 -1 -1 -1 -1 -1 -1 -1 -1 -1 -1 -1 -1 -1 -1 -1 -1 -1 -1 -1 -1 -1 -1 -1 -1 -1 -1 -1 -1 -1 -1 -1 -1 -1 -1 -1 -1 -1 -1 -1 -1 -1 -1 -1 -1 -1 -1 -1 -1 -1 -1 -1 -1 -1 -1 -1 -1 -1 -1 -1 -1 -1 -1 -1 -1 -1 -1 -1 -1 -1 -1 -1 -1 -1 -1 -1 -1 -1 -1 -1 -1 -1 -1 
-1 0 45 -1 44 -1 -1 45 45 -1 -1 -1 -1 45 45 45 45 -1 -1 -1 -1 -1 -1 -1 -1 45 45 45 45 45 45 45 45 -1 -1 -1 -1 -1 -1 -1 -1 -1 -1 -1 -1 -1 -1 -1 -1 45 45 45 45 45 45 45 45 45 45 45 45 45 45 45 45 -1 -1 -1 -1 -1 -1 -1 -1 -1 -1 -1 -1 -1 -1 -1 -1 -1 -1 -1 -1 -1 -1 -1 -1 -1 -1 -1 -1 -1 -1 -1 -1 45 45 45 45 45 45 45 45 45 45 45 45 45 45 45 45 45 45 45 45 45 45 45 45 45 45 45 45 45 45 45 45 
-1 0 46 -1 -1 -1 44 -1 44 -1 -1 46 46 -1 -1 46 46 -1 -1 -1 -1 46 46 46 46 -1 -1 -1 -1 46 46 46 46 -1 -1 -1 -1 -1 -1 -1 -1 46 46 46 46 46 46 46 46 -1 -1 -1 -1 -1 -1 -1 -1 46 46 46 46 46 46 46 46 -1 -1 -1 -1 -1 -1 -1 -1 -1 -1 -1 -1 -1 -1 -1 -1 46 46 46 46 46 46 46 46 46 46 46 46 46 46 46 46 -1 -1 -1 -1 -1 -1 -1 -1 -1 -1 -1 -1 -1 -1 -1 -1 46 46 46 46 46 46 46 46 46 46 46 46 46 46 46 46 
-1 0 47 -1 -1 -1 44 45 43 -1 -1 46 46 45 45 47 47 -1 -1 -1 -1 46 46 46 46 45 45 45 45 47 47 47 47 -1 -1 -1 -1 -1 -1 -1 -1 46 46 46 46 46 46 46 46 45 45 45 45 45 45 45 45 47 47 47 47 47 47 47 47 -1 -1 -1 -1 -1 -1 -1 -1 -1 -1 -1 -1 -1 -1 -1 -1 46 46 46 46 46 46 46 46 46 46 46 46 46 46 46 46 45 45 45 45 45 45 45 45 45 45 45 45 45 45 45 45 47 47 47 47 47 47 47 47 47 47 47 47 47 47 47 47 
-1 0 48 -1 -1 -1 -1 -1 -1 -1 44 -1 44 -1 44 -1 44 -1 -1 48 48 -1 -1 48 48 -1 -1 48 48 -1 -1 48 48 -1 -1 -1 -1 48 48 48 48 -1 -1 -1 -1 48 48 48 48 -1 -1 -1 -1 48 48 48 48 -1 -1 -1 -1 48 48 48 48 -1 -1 -1 -1 -1 -1 -1 -1 48 48 48 48 48 48 48 48 -1 -1 -1 -1 -1 -1 -1 -1 48 48 48 48 48 48 48 48 -1 -1 -1 -1 -1 -1 -1 -1 48 48 48 48 48 48 48 48 -1 -1 -1 -1 -1 -1 -1 -1 48 48 48 48 48 48 48 48 
-1 0 49 -1 -1 -1 -1 -1 -1 -1 44 -1 44 45 51 45 51 -1 -1 48 48 -1 -1 48 48 45 45 49 49 45 45 49 49 -1 -1 -1 -1 48 48 48 48 -1 -1 -1 -1 48 48 48 48 45 45 45 45 49 49 49 49 45 45 45 45 49 49 49 49 -1 -1 -1 -1 -1 -1 -1 -1 48 48 48 48 48 48 48 48 -1 -1 -1 -1 -1 -1 -1 -1 48 48 48 48 48 48 48 48 45 45 45 45 45 45 45 45 49 49 49 49 49 49 49 49 45 45 45 45 45 45 45 45 49 49 49 49 49 49 49 49 
-1 0 50 -1 -1 -1 -1 -1 -1 -1 44 46 43 -1 44 46 43 -1 -1 48 48 46 46 50 50 -1 -1 48 48 46 46 50 50 -1 -1 -1 -1 48 48 48 48 46 46 46 46 50 50 50 50 -1 -1 -1 -1 48 48 48 48 46 46 46 46 50 50 50 50 -1 -1 -1 -1 -1 -1 -1 -1 48 48 48 48 48 48 48 48 46 46 46 46 46 46 46 46 50 50 50 50 50 50 50 50 -1 -1 -1 -1 -1 -1 -1 -1 48 48 48 48 48 48 48 48 46 46 46 46 46 46 46 46 50 50 50 50 50 50 50 50 
2 1 51 -1 -1 -1 -1 45 45 -1 -1 46 46 -1 -1 46 46 -1 -1 48 48 -1 -1 48 48 -1 -1 48 48 -1 -1 48 48 -1 -1 -1 -1 -1 -1 -1 -1 -1 -1 -1 -1 -1 -1 -1 -1 -1 -1 -1 -1 -1 -1 -1 -1 -1 -1 -1 -1 -1 -1 -1 -1 -1 -1 -1 -1 -1 -1 -1 -1 -1 -1 -1 -1 -1 -1 -1 -1 -1 -1 -1 -1 -1 -1 -1 -1 -1 -1 -1 -1 -1 -1 -1 -1 -1 -1 -1 -1 -1 -1 -1 -1 -1 -1 -1 -1 -1 -1 -1 -1 -1 -1 -1 -1 -1 -1 -1 -1 -1 -1 -1 -1 -1 -1 -1 -1 
-1 0 52 -1 -1 -1 -1 -1 -1 -1 -1 -1 -1 -1 -1 -1 -1 50 40 41 41 50 40 41 41 50 40 41 41 50 40 41 41 50 50 53 53 52 52 52 52 50 50 53 53 52 52 52 52 50 50 53 53 52 52 52 52 50 50 53 53 52 52 52 52 50 50 50 50 53 53 53 53 52 52 52 52 52 52 52 52 50 50 50 50 53 53 53 53 52 52 52 52 52 52 52 52 50 50 50 50 53 53 53 53 52 52 52 52 52 52 52 52 50 50 50 50 53 53 53 53 52 52 52 52 52 52 52 52 
-1 0 53 -1 -1 -1 -1 -1 -1 -1 -1 -1 -1 -1 -1 -1 -1 -1 44 48 43 46 51 50 40 -1 44 48 43 46 51 50 40 -1 -1 54 54 48 48 58 58 46 46 56 56 50 50 53 53 -1 -1 54 54 48 48 58 58 46 46 56 56 50 50 53 53 -1 -1 -1 -1 54 54 54 54 48 48 48 48 58 58 58 58 46 46 46 46 56 56 56 56 50 50 50 50 53 53 53 53 -1 -1 -1 -1 54 54 54 54 48 48 48 48 58 58 58 58 46 46 46 46 56 56 56 56 50 50 50 50 53 53 53 53 
-1 0 54 -1 -1 -1 -1 -1 -1 -1 -1 -1 -1 -1 -1 -1 -1 -1 44 -1 44 -1 44 -1 44 -1 44 -1 44 -1 44 -1 44 -1 -1 54 54 -1 -1 54 54 -1 -1 54 54 -1 -1 54 54 -1 -1 54 54 -1 -1 54 54 -1 -1 54 54 -1 -1 54 54 -1 -1 -1 -1 54 54 54 54 -1 -1 -1 -1 54 54 54 54 -1 -1 -1 -1 54 54 54 54 -1 -1 -1 -1 54 54 54 54 -1 -1 -1 -1 54 54 54 54 -1 -1 -1 -1 54 54 54 54 -1 -1 -1 -1 54 54 54 54 -1 -1 -1 -1 54 54 54 54 
-1 0 55 -1 -1 -1 -1 -1 -1 -1 -1 -1 -1 -1 -1 -1 -1 -1 44 -1 44 -1 44 -1 44 45 60 45 60 45 60 45 60 -1 -1 54 54 -1 -1 54 54 -1 -1 54 54 -1 -1 54 54 45 45 55 55 45 45 55 55 45 45 55 55 45 45 55 55 -1 -1 -1 -1 54 54 54 54 -1 -1 -1 -1 54 54 54 54 -1 -1 -1 -1 54 54 54 54 -1 -1 -1 -1 54 54 54 54 45 45 45 45 55 55 55 55 45 45 45 45 55 55 55 55 45 45 45 45 55 55 55 55 45 45 45 45 55 55 55 55 
-1 0 56 -1 -1 -1 -1 -1 -1 -1 -1 -1 -1 -1 -1 -1 -1 -1 44 -1 44 46 51 46 51 -1 44 -1 44 46 51 46 51 -1 -1 54 54 -1 -1 54 54 46 46 56 56 46 46 56 56 -1 -1 54 54 -1 -1 54 54 46 46 56 56 46 46 56 56 -1 -1 -1 -1 54 54 54 54 -1 -1 -1 -1 54 54 54 54 46 46 46 46 56 56 56 56 46 46 46 46 56 56 56 56 -1 -1 -1 -1 54 54 54 54 -1 -1 -1 -1 54 54 54 54 46 46 46 46 56 56 56 56 46 46 46 46 56 56 56 56 
-1 0 57 -1 -1 -1 -1 -1 -1 -1 -1 -1 -1 -1 -1 -1 -1 -1 44 -1 44 46 51 46 51 45 60 45 60 47 61 47 61 -1 -1 54 54 -1 -1 54 54 46 46 56 56 46 46 56 56 45 45 55 55 45 45 55 55 47 47 57 57 47 47 57 57 -1 -1 -1 -1 54 54 54 54 -1 -1 -1 -1 54 54 54 54 46 46 46 46 56 56 56 56 46 46 46 46 56 56 56 56 45 45 45 45 55 55 55 55 45 45 45 45 55 55 55 55 47 47 47 47 57 57 57 57 47 47 47 47 57 57 57 57 
-1 0 58 -1 -1 -1 -1 -1 -1 -1 -1 -1 -1 -1 -1 -1 -1 -1 44 48 43 -1 44 48 43 -1 44 48 43 -1 44 48 43 -1 -1 54 54 48 48 58 58 -1 -1 54 54 48 48 58 58 -1 -1 54 54 48 48 58 58 -1 -1 54 54 48 48 58 58 -1 -1 -1 -1 54 54 54 54 48 48 48 48 58 58 58 58 -1 -1 -1 -1 54 54 54 54 48 48 48 48 58 58 58 58 -1 -1 -1 -1 54 54 54 54 48 48 48 48 58 58 58 58 -1 -1 -1 -1 54 54 54 54 48 48 48 48 58 58 58 58 
-1 0 59 -1 -1 -1 -1 -1 -1 -1 -1 -1 -1 -1 -1 -1 -1 -1 44 48 43 -1 44 48 43 45 60 49 62 45 60 49 62 -1 -1 54 54 48 48 58 58 -1 -1 54 54 48 48 58 58 45 45 55 55 49 49 59 59 45 45 55 55 49 49 59 59 -1 -1 -1 -1 54 54 54 54 48 48 48 48 58 58 58 58 -1 -1 -1 -1 54 54 54 54 48 48 48 48 58 58 58 58 45 45 45 45 55 55 55 55 49 49 49 49 59 59 59 59 45 45 45 45 55 55 55 55 49 49 49 49 59 59 59 59 
2 1 60 -1 -1 -1 -1 -1 -1 -1 -1 -1 -1 45 45 45 45 -1 -1 -1 -1 46 46 46 46 -1 -1 -1 -1 46 46 46 46 -1 -1 -1 -1 -1 -1 -1 -1 -1 -1 -1 -1 -1 -1 -1 -1 -1 -1 -1 -1 -1 -1 -1 -1 -1 -1 -1 -1 -1 -1 -1 -1 -1 -1 -1 -1 -1 -1 -1 -1 -1 -1 -1 -1 -1 -1 -1 -1 -1 -1 -1 -1 -1 -1 -1 -1 -1 -1 -1 -1 -1 -1 -1 -1 -1 -1 -1 -1 -1 -1 -1 -1 -1 -1 -1 -1 -1 -1 -1 -1 -1 -1 -1 -1 -1 -1 -1 -1 -1 -1 -1 -1 -1 -1 -1 -1 
2 1 61 -1 -1 -1 -1 -1 -1 -1 -1 46 46 45 45 47 47 -1 -1 48 48 46 46 50 50 -1 -1 48 48 46 46 50 50 -1 -1 -1 -1 -1 -1 -1 -1 -1 -1 -1 -1 -1 -1 -1 -1 -1 -1 -1 -1 -1 -1 -1 -1 -1 -1 -1 -1 -1 -1 -1 -1 -1 -1 -1 -1 -1 -1 -1 -1 -1 -1 -1 -1 -1 -1 -1 -1 -1 -1 -1 -1 -1 -1 -1 -1 -1 -1 -1 -1 -1 -1 -1 -1 -1 -1 -1 -1 -1 -1 -1 -1 -1 -1 -1 -1 -1 -1 -1 -1 -1 -1 -1 -1 -1 -1 -1 -1 -1 -1 -1 -1 -1 -1 -1 -1 
2 1 62 -1 -1 -1 -1 -1 -1 -1 44 -1 44 45 51 45 51 -1 44 -1 44 46 51 46 51 -1 44 -1 44 46 51 46 51 -1 -1 -1 -1 -1 -1 -1 -1 -1 -1 -1 -1 -1 -1 -1 -1 -1 -1 -1 -1 -1 -1 -1 -1 -1 -1 -1 -1 -1 -1 -1 -1 -1 -1 -1 -1 -1 -1 -1 -1 -1 -1 -1 -1 -1 -1 -1 -1 -1 -1 -1 -1 -1 -1 -1 -1 -1 -1 -1 -1 -1 -1 -1 -1 -1 -1 -1 -1 -1 -1 -1 -1 -1 -1 -1 -1 -1 -1 -1 -1 -1 -1 -1 -1 -1 -1 -1 -1 -1 -1 -1 -1 -1 -1 -1 -1 
-1 0 63 -1 -1 -1 -1 -1 -1 -1 -1 -1 -1 -1 -1 -1 -1 -1 -1 -1 -1 -1 -1 -1 -1 -1 -1 -1 -1 -1 -1 -1 -1 58 40 41 41 58 40 41 41 58 40 41 41 58 40 41 41 58 40 41 41 58 40 41 41 58 40 41 41 58 40 41 41 58 58 66 66 63 63 63 63 58 58 66 66 63 63 63 63 58 58 66 66 63 63 63 63 58 58 66 66 63 63 63 63 58 58 66 66 63 63 63 63 58 58 66 66 63 63 63 63 58 58 66 66 63 63 63 63 58 58 66 66 63 63 63 63 
-1 0 64 -1 -1 -1 -1 -1 -1 -1 -1 -1 -1 -1 -1 -1 -1 -1 -1 -1 -1 -1 -1 -1 -1 -1 -1 -1 -1 -1 -1 -1 -1 58 40 41 41 58 40 41 41 58 40 41 41 58 40 41 41 59 70 69 69 59 70 69 69 59 70 69 69 59 70 69 69 58 58 66 66 63 63 63 63 58 58 66 66 63 63 63 63 58 58 66 66 63 63 63 63 58 58 66 66 63 63 63 63 59 59 67 67 64 64 64 64 59 59 67 67 64 64 64 64 59 59 67 67 64 64 64 64 59 59 67 67 64 64 64 64 
-1 0 65 -1 -1 -1 -1 -1 -1 -1 -1 -1 -1 -1 -1 -1 -1 -1 -1 -1 -1 -1 -1 -1 -1 -1 -1 -1 -1 -1 -1 -1 -1 58 40 41 41 58 40 41 41 53 19 18 18 53 19 18 18 58 40 41 41 58 40 41 41 53 19 18 18 53 19 18 18 58 58 66 66 63 63 63 63 58 58 66 66 63 63 63 63 53 53 68 68 65 65 65 65 53 53 68 68 65 65 65 65 58 58 66 66 63 63 63 63 58 58 66 66 63 63 63 63 53 53 68 68 65 65 65 65 53 53 68 68 65 65 65 65 
-1 0 66 -1 -1 -1 -1 -1 -1 -1 -1 -1 -1 -1 -1 -1 -1 -1 -1 -1 -1 -1 -1 -1 -1 -1 -1 -1 -1 -1 -1 -1 -1 -1 44 54 43 48 51 58 40 -1 44 54 43 48 51 58 40 -1 44 54 43 48 51 58 40 -1 44 54 43 48 51 58 40 -1 -1 73 73 54 54 80 80 48 48 77 77 58 58 66 66 -1 -1 73 73 54 54 80 80 48 48 77 77 58 58 66 66 -1 -1 73 73 54 54 80 80 48 48 77 77 58 58 66 66 -1 -1 73 73 54 54 80 80 48 48 77 77 58 58 66 66 
-1 0 67 -1 -1 -1 -1 -1 -1 -1 -1 -1 -1 -1 -1 -1 -1 -1 -1 -1 -1 -1 -1 -1 -1 -1 -1 -1 -1 -1 -1 -1 -1 -1 44 54 43 48 51 58 40 -1 44 54 43 48 51 58 40 45 84 55 87 49 86 59 70 45 84 55 87 49 86 59 70 -1 -1 73 73 54 54 80 80 48 48 77 77 58 58 66 66 -1 -1 73 73 54 54 80 80 48 48 77 77 58 58 66 66 45 45 74 74 55 55 81 81 49 49 78 78 59 59 67 67 45 45 74 74 55 55 81 81 49 49 78 78 59 59 67 67 
-1 0 68 -1 -1 -1 -1 -1 -1 -1 -1 -1 -1 -1 -1 -1 -1 -1 -1 -1 -1 -1 -1 -1 -1 -1 -1 -1 -1 -1 -1 -1 -1 -1 44 54 43 48 51 58 40 46 60 56 62 50 61 53 19 -1 44 54 43 48 51 58 40 46 60 56 62 50 61 53 19 -1 -1 73 73 54 54 80 80 48 48 77 77 58 58 66 66 46 46 75 75 56 56 82 82 50 50 79 79 53 53 68 68 -1 -1 73 73 54 54 80 80 48 48 77 77 58 58 66 66 46 46 75 75 56 56 82 82 50 50 79 79 53 53 68 68 
2 1 69 -1 -1 -1 -1 -1 -1 -1 -1 -1 -1 -1 -1 -1 -1 43 12 43 12 43 12 43 12 62 89 62 89 62 89 62 89 -1 -1 -1 -1 -1 -1 -1 -1 -1 -1 -1 -1 -1 -1 -1 -1 -1 -1 -1 -1 -1 -1 -1 -1 -1 -1 -1 -1 -1 -1 -1 -1 -1 -1 -1 -1 -1 -1 -1 -1 -1 -1 -1 -1 -1 -1 -1 -1 -1 -1 -1 -1 -1 -1 -1 -1 -1 -1 -1 -1 -1 -1 -1 -1 -1 -1 -1 -1 -1 -1 -1 -1 -1 -1 -1 -1 -1 -1 -1 -1 -1 -1 -1 -1 -1 -1 -1 -1 -1 -1 -1 -1 -1 -1 -1 -1 
2 1 70 -1 -1 -1 -1 -1 -1 -1 -1 -1 -1 -1 -1 -1 -1 -1 44 48 43 -1 44 48 43 45 60 49 62 45 60 49 62 -1 -1 -1 -1 -1 -1 -1 -1 -1 -1 -1 -1 -1 -1 -1 -1 -1 -1 -1 -1 -1 -1 -1 -1 -1 -1 -1 -1 -1 -1 -1 -1 -1 -1 -1 -1 -1 -1 -1 -1 -1 -1 -1 -1 -1 -1 -1 -1 -1 -1 -1 -1 -1 -1 -1 -1 -1 -1 -1 -1 -1 -1 -1 -1 -1 -1 -1 -1 -1 -1 -1 -1 -1 -1 -1 -1 -1 -1 -1 -1 -1 -1 -1 -1 -1 -1 -1 -1 -1 -1 -1 -1 -1 -1 -1 -1 
-1 0 71 -1 -1 -1 -1 -1 -1 -1 -1 -1 -1 -1 -1 -1 -1 -1 -1 -1 -1 -1 -1 -1 -1 -1 -1 -1 -1 -1 -1 -1 -1 53 19 18 18 52 20 7 7 53 19 18 18 52 20 7 7 53 19 18 18 52 20 7 7 53 19 18 18 52 20 7 7 53 53 68 68 65 65 65 65 52 52 72 72 71 71 71 71 53 53 68 68 65 65 65 65 52 52 72 72 71 71 71 71 53 53 68 68 65 65 65 65 52 52 72 72 71 71 71 71 53 53 68 68 65 65 65 65 52 52 72 72 71 71 71 71 
-1 0 72 -1 -1 -1 -1 -1 -1 -1 -1 -1 -1 -1 -1 -1 -1 -1 -1 -1 -1 -1 -1 -1 -1 -1 -1 -1 -1 -1 -1 -1 -1 50 61 53 19 52 20 52 20 50 61 53 19 52 20 52 20 50 61 53 19 52 20 52 20 50 61 53 19 52 20 52 20 50 50 79 79 53 53 68 68 52 52 72 72 52 52 72 72 50 50 79 79 53 53 68 68 52 52 72 72 52 52 72 72 50 50 79 79 53 53 68 68 52 52 72 72 52 52 72 72 50 50 79 79 53 53 68 68 52 52 72 72 52 52 72 72 
-1 0 73 -1 -1 -1 -1 -1 -1 -1 -1 -1 -1 -1 -1 -1 -1 -1 -1 -1 -1 -1 -1 -1 -1 -1 -1 -1 -1 -1 -1 -1 -1 -1 44 -1 44 -1 44 -1 44 -1 44 -1 44 -1 44 -1 44 -1 44 -1 44 -1 44 -1 44 -1 44 -1 44 -1 44 -1 44 -1 -1 73 73 -1 -1 73 73 -1 -1 73 73 -1 -1 73 73 -1 -1 73 73 -1 -1 73 73 -1 -1 73 73 -1 -1 73 73 -1 -1 73 73 -1 -1 73 73 -1 -1 73 73 -1 -1 73 73 -1 -1 73 73 -1 -1 73 73 -1 -1 73 73 -1 -1 73 73 
-1 0 74 -1 -1 -1 -1 -1 -1 -1 -1 -1 -1 -1 -1 -1 -1 -1 -1 -1 -1 -1 -1 -1 -1 -1 -1 -1 -1 -1 -1 -1 -1 -1 44 -1 44 -1 44 -1 44 -1 44 -1 44 -1 44 -1 44 45 84 45 84 45 84 45 84 45 84 45 84 45 84 45 84 -1 -1 73 73 -1 -1 73 73 -1 -1 73 73 -1 -1 73 73 -1 -1 73 73 -1 -1 73 73 -1 -1 73 73 -1 -1 73 73 45 45 74 74 45 45 74 74 45 45 74 74 45 45 74 74 45 45 74 74 45 45 74 74 45 45 74 74 45 45 74 74 
-1 0 75 -1 -1 -1 -1 -1 -1 -1 -1 -1 -1 -1 -1 -1 -1 -1 -1 -1 -1 -1 -1 -1 -1 -1 -1 -1 -1 -1 -1 -1 -1 -1 44 -1 44 -1 44 -1 44 46 60 46 60 46 60 46 60 -1 44 -1 44 -1 44 -1 44 46 60 46 60 46 60 46 60 -1 -1 73 73 -1 -1 73 73 -1 -1 73 73 -1 -1 73 73 46 46 75 75 46 46 75 75 46 46 75 75 46 46 75 75 -1 -1 73 73 -1 -1 73 73 -1 -1 73 73 -1 -1 73 73 46 46 75 75 46 46 75 75 46 46 75 75 46 46 75 75 
-1 0 76 -1 -1 -1 -1 -1 -1 -1 -1 -1 -1 -1 -1 -1 -1 -1 -1 -1 -1 -1 -1 -1 -1 -1 -1 -1 -1 -1 -1 -1 -1 -1 44 -1 44 -1 44 -1 44 46 60 46 60 46 60 46 60 45 84 45 84 45 84 45 84 47 85 47 85 47 85 47 85 -1 -1 73 73 -1 -1 73 73 -1 -1 73 73 -1 -1 73 73 46 46 75 75 46 46 75 75 46 46 75 75 46 46 75 75 45 45 74 74 45 45 74 74 45 45 74 74 45 45 74 74 47 47 76 76 47 47 76 76 47 47 76 76 47 47 76 76 
-1 0 77 -1 -1 -1 -1 -1 -1 -1 -1 -1 -1 -1 -1 -1 -1 -1 -1 -1 -1 -1 -1 -1 -1 -1 -1 -1 -1 -1 -1 -1 -1 -1 44 -1 44 48 51 48 51 -1 44 -1 44 48 51 48 51 -1 44 -1 44 48 51 48 51 -1 44 -1 44 48 51 48 51 -1 -1 73 73 -1 -1 73 73 48 48 77 77 48 48 77 77 -1 -1 73 73 -1 -1 73 73 48 48 77 77 48 48 77 77 -1 -1 73 73 -1 -1 73 73 48 48 77 77 48 48 77 77 -1 -1 73 73 -1 -1 73 73 48 48 77 77 48 48 77 77 
-1 0 78 -1 -1 -1 -1 -1 -1 -1 -1 -1 -1 -1 -1 -1 -1 -1 -1 -1 -1 -1 -1 -1 -1 -1 -1 -1 -1 -1 -1 -1 -1 -1 44 -1 44 48 51 48 51 -1 44 -1 44 48 51 48 51 45 84 45 84 49 86 49 86 45 84 45 84 49 86 49 86 -1 -1 73 73 -1 -1 73 73 48 48 77 77 48 48 77 77 -1 -1 73 73 -1 -1 73 73 48 48 77 77 48 48 77 77 45 45 74 74 45 45 74 74 49 49 78 78 49 49 78 78 45 45 74 74 45 45 74 74 49 49 78 78 49 49 78 78 
-1 0 79 -1 -1 -1 -1 -1 -1 -1 -1 -1 -1 -1 -1 -1 -1 -1 -1 -1 -1 -1 -1 -1 -1 -1 -1 -1 -1 -1 -1 -1 -1 -1 44 -1 44 48 51 48 51 46 60 46 60 50 61 50 61 -1 44 -1 44 48 51 48 51 46 60 46 60 50 61 50 61 -1 -1 73 73 -1 -1 73 73 48 48 77 77 48 48 77 77 46 46 75 75 46 46 75 75 50 50 79 79 50 50 79 79 -1 -1 73 73 -1 -1 73 73 48 48 77 77 48 48 77 77 46 46 75 75 46 46 75 75 50 50 79 79 50 50 79 79 
-1 0 80 -1 -1 -1 -1 -1 -1 -1 -1 -1 -1 -1 -1 -1 -1 -1 -1 -1 -1 -1 -1 -1 -1 -1 -1 -1 -1 -1 -1 -1 -1 -1 44 54 43 -1 44 54 43 -1 44 54 43 -1 44 54 43 -1 44 54 43 -1 44 54 43 -1 44 54 43 -1 44 54 43 -1 -1 73 73 54 54 80 80 -1 -1 73 73 54 54 80 80 -1 -1 73 73 54 54 80 80 -1 -1 73 73 54 54 80 80 -1 -1 73 73 54 54 80 80 -1 -1 73 73 54 54 80 80 -1 -1 73 73 54 54 80 80 -1 -1 73 73 54 54 80 80 
-1 0 81 -1 -1 -1 -1 -1 -1 -1 -1 -1 -1 -1 -1 -1 -1 -1 -1 -1 -1 -1 -1 -1 -1 -1 -1 -1 -1 -1 -1 -1 -1 -1 44 54 43 -1 44 54 43 -1 44 54 43 -1 44 54 43 45 84 55 87 45 84 55 87 45 84 55 87 45 84 55 87 -1 -1 73 73 54 54 80 80 -1 -1 73 73 54 54 80 80 -1 -1 73 73 54 54 80 80 -1 -1 73 73 54 54 80 80 45 45 74 74 55 55 81 81 45 45 74 74 55 55 81 81 45 45 74 74 55 55 81 81 45 45 74 74 55 55 81 81 
-1 0 82 -1 -1 -1 -1 -1 -1 -1 -1 -1 -1 -1 -1 -1 -1 -1 -1 -1 -1 -1 -1 -1 -1 -1 -1 -1 -1 -1 -1 -1 -1 -1 44 54 43 -1 44 54 43 46 60 56 62 46 60 56 62 -1 44 54 43 -1 44 54 43 46 60 56 62 46 60 56 62 -1 -1 73 73 54 54 80 80 -1 -1 73 73 54 54 80 80 46 46 75 75 56 56 82 82 46 46 75 75 56 56 82 82 -1 -1 73 73 54 54 80 80 -1 -1 73 73 54 54 80 80 46 46 75 75 56 56 82 82 46 46 75 75 56 56 82 82 
-1 0 83 -1 -1 -1 -1 -1 -1 -1 -1 -1 -1 -1 -1 -1 -1 -1 -1 -1 -1 -1 -1 -1 -1 -1 -1 -1 -1 -1 -1 -1 -1 -1 44 54 43 -1 44 54 43 46 60 56 62 46 60 56 62 45 84 55 87 45 84 55 87 47 85 57 88 47 85 57 88 -1 -1 73 73 54 54 80 80 -1 -1 73 73 54 54 80 80 46 46 75 75 56 56 82 82 46 46 75 75 56 56 82 82 45 45 74 74 55 55 81 81 45 45 74 74 55 55 81 81 47 47 76 76 57 57 83 83 47 47 76 76 57 57 83 83 
2 1 84 -1 -1 -1 -1 -1 -1 -1 -1 -1 -1 -1 -1 -1 -1 -1 -1 -1 -1 -1 -1 -1 -1 45 45 45 45 45 45 45 45 -1 -1 -1 -1 -1 -1 -1 -1 -1 -1 -1 -1 -1 -1 -1 -1 -1 -1 -1 -1 -1 -1 -1 -1 -1 -1 -1 -1 -1 -1 -1 -1 -1 -1 -1 -1 -1 -1 -1 -1 -1 -1 -1 -1 -1 -1 -1 -1 -1 -1 -1 -1 -1 -1 -1 -1 -1 -1 -1 -1 -1 -1 -1 -1 -1 -1 -1 -1 -1 -1 -1 -1 -1 -1 -1 -1 -1 -1 -1 -1 -1 -1 -1 -1 -1 -1 -1 -1 -1 -1 -1 -1 -1 -1 -1 -1 
2 1 85 -1 -1 -1 -1 -1 -1 -1 -1 -1 -1 -1 -1 -1 -1 -1 -1 -1 -1 46 46 46 46 45 45 45 45 47 47 47 47 -1 -1 -1 -1 -1 -1 -1 -1 -1 -1 -1 -1 -1 -1 -1 -1 -1 -1 -1 -1 -1 -1 -1 -1 -1 -1 -1 -1 -1 -1 -1 -1 -1 -1 -1 -1 -1 -1 -1 -1 -1 -1 -1 -1 -1 -1 -1 -1 -1 -1 -1 -1 -1 -1 -1 -1 -1 -1 -1 -1 -1 -1 -1 -1 -1 -1 -1 -1 -1 -1 -1 -1 -1 -1 -1 -1 -1 -1 -1 -1 -1 -1 -1 -1 -1 -1 -1 -1 -1 -1 -1 -1 -1 -1 -1 -1 
2 1 86 -1 -1 -1 -1 -1 -1 -1 -1 -1 -1 -1 -1 -1 -1 -1 -1 48 48 -1 -1 48 48 45 45 49 49 45 45 49 49 -1 -1 -1 -1 -1 -1 -1 -1 -1 -1 -1 -1 -1 -1 -1 -1 -1 -1 -1 -1 -1 -1 -1 -1 -1 -1 -1 -1 -1 -1 -1 -1 -1 -1 -1 -1 -1 -1 -1 -1 -1 -1 -1 -1 -1 -1 -1 -1 -1 -1 -1 -1 -1 -1 -1 -1 -1 -1 -1 -1 -1 -1 -1 -1 -1 -1 -1 -1 -1 -1 -1 -1 -1 -1 -1 -1 -1 -1 -1 -1 -1 -1 -1 -1 -1 -1 -1 -1 -1 -1 -1 -1 -1 -1 -1 -1 
2 1 87 -1 -1 -1 -1 -1 -1 -1 -1 -1 -1 -1 -1 -1 -1 -1 44 -1 44 -1 44 -1 44 45 60 45 60 45 60 45 60 -1 -1 -1 -1 -1 -1 -1 -1 -1 -1 -1 -1 -1 -1 -1 -1 -1 -1 -1 -1 -1 -1 -1 -1 -1 -1 -1 -1 -1 -1 -1 -1 -1 -1 -1 -1 -1 -1 -1 -1 -1 -1 -1 -1 -1 -1 -1 -1 -1 -1 -1 -1 -1 -1 -1 -1 -1 -1 -1 -1 -1 -1 -1 -1 -1 -1 -1 -1 -1 -1 -1 -1 -1 -1 -1 -1 -1 -1 -1 -1 -1 -1 -1 -1 -1 -1 -1 -1 -1 -1 -1 -1 -1 -1 -1 -1 
2 1 88 -1 -1 -1 -1 -1 -1 -1 -1 -1 -1 -1 -1 -1 -1 -1 44 -1 44 46 51 46 51 45 60 45 60 47 61 47 61 -1 -1 -1 -1 -1 -1 -1 -1 -1 -1 -1 -1 -1 -1 -1 -1 -1 -1 -1 -1 -1 -1 -1 -1 -1 -1 -1 -1 -1 -1 -1 -1 -1 -1 -1 -1 -1 -1 -1 -1 -1 -1 -1 -1 -1 -1 -1 -1 -1 -1 -1 -1 -1 -1 -1 -1 -1 -1 -1 -1 -1 -1 -1 -1 -1 -1 -1 -1 -1 -1 -1 -1 -1 -1 -1 -1 -1 -1 -1 -1 -1 -1 -1 -1 -1 -1 -1 -1 -1 -1 -1 -1 -1 -1 -1 -1 
1 1 89 -1 -1 -1 -1 -1 -1 44 44 44 44 51 51 51 51 -1 -1 -1 -1 -1 -1 -1 -1 -1 -1 -1 -1 -1 -1 -1 -1 -1 -1 -1 -1 -1 -1 -1 -1 -1 -1 -1 -1 -1 -1 -1 -1 -1 -1 -1 -1 -1 -1 -1 -1 -1 -1 -1 -1 -1 -1 -1 -1 -1 -1 -1 -1 -1 -1 -1 -1 -1 -1 -1 -1 -1 -1 -1 -1 -1 -1 -1 -1 -1 -1 -1 -1 -1 -1 -1 -1 -1 -1 -1 -1 -1 -1 -1 -1 -1 -1 -1 -1 -1 -1 -1 -1 -1 -1 -1 -1 -1 -1 -1 -1 -1 -1 -1 -1 -1 -1 -1 -1 -1 -1 -1 -1 
