1 4 14 163
-1 0 0 7 7 5 6 5 6 1 4 3 3 1 4 3 3 1 1 2 2 0 0 0 0 1 1 2 2 0 0 0 0 
-1 0 1 -1 -1 -1 7 8 5 -1 -1 9 9 8 8 1 1 -1 -1 -1 -1 9 9 9 9 8 8 8 8 1 1 1 1 
-1 0 2 -1 -1 -1 -1 -1 -1 -1 7 9 5 8 13 1 4 -1 -1 10 10 9 9 12 12 8 8 11 11 1 1 2 2 
1 1 3 -1 -1 5 6 5 6 -1 -1 -1 -1 -1 -1 -1 -1 -1 -1 -1 -1 -1 -1 -1 -1 -1 -1 -1 -1 -1 -1 -1 -1 
1 1 4 -1 -1 -1 7 8 5 -1 -1 -1 -1 -1 -1 -1 -1 -1 -1 -1 -1 -1 -1 -1 -1 -1 -1 -1 -1 -1 -1 -1 -1 
1 1 5 -1 7 -1 7 -1 7 -1 -1 -1 -1 -1 -1 -1 -1 -1 -1 -1 -1 -1 -1 -1 -1 -1 -1 -1 -1 -1 -1 -1 -1 
0 1 6 7 7 -1 -1 -1 -1 -1 -1 -1 -1 -1 -1 -1 -1 -1 -1 -1 -1 -1 -1 -1 -1 -1 -1 -1 -1 -1 -1 -1 -1 
1 1 7 -1 -1 -1 -1 -1 -1 -1 -1 -1 -1 -1 -1 -1 -1 -1 -1 -1 -1 -1 -1 -1 -1 -1 -1 -1 -1 -1 -1 -1 -1 
-1 0 8 -1 7 -1 -1 8 8 -1 -1 -1 -1 8 8 8 8 -1 -1 -1 -1 -1 -1 -1 -1 8 8 8 8 8 8 8 8 
-1 0 9 -1 -1 -1 7 -1 7 -1 -1 9 9 -1 -1 9 9 -1 -1 -1 -1 9 9 9 9 -1 -1 -1 -1 9 9 9 9 
-1 0 10 -1 -1 -1 -1 -1 -1 -1 7 -1 7 -1 7 -1 7 -1 -1 10 10 -1 -1 10 10 -1 -1 10 10 -1 -1 10 10 
-1 0 11 -1 -1 -1 -1 -1 -1 -1 7 -1 7 8 13 8 13 -1 -1 10 10 -1 -1 10 10 8 8 11 11 8 8 11 11 
-1 0 12 -1 -1 -1 -1 -1 -1 -1 7 9 5 -1 7 9 5 -1 -1 10 10 9 9 12 12 -1 -1 10 10 9 9 12 12 
1 1 13 -1 -1 -1 -1 8 8 -1 -1 -1 -1 -1 -1 -1 -1 -1 -1 -1 -1 -1 -1 -1 -1 -1 -1 -1 -1 -1 -1 -1 -1 
