5 5 32 81
0 1 1 0 0 1 1 0 0 0 0 0 0 0 0 0 0 1 1 0 0 1 1 0 0 0 0 0 0 0 0 0 0 1 1 0 0 1 1 0 0 0 0 0 0 0 0 0 0 1 1 0 0 1 1 0 0 0 0 0 0 0 0 0 0 1 1 0 0 1 1 0 0 0 0 0 0 0 0 0 0 1 1 0 0 1 1 0 0 0 0 0 0 0 0 0 0 1 1 0 0 1 1 0 0 0 0 0 0 0 0 0 0 1 1 0 0 1 1 0 0 0 0 0 0 0 0 0 0 1 1 0 0 1 1 0 0 0 0 0 0 0 0 0 0 1 1 0 0 1 1 0 0 0 0 0 0 0 0 0 0 1 1 0 0 1 1 0 0 0 0 0 0 0 0 0 0 1 1 0 0 1 1 0 0 0 0 0 0 0 0 0 0 1 1 0 0 1 1 0 0 0 0 0 0 0 0 0 0 1 1 0 0 1 1 0 0 0 0 0 0 0 0 0 0 1 1 0 0 1 1 0 0 0 0 0 0 0 0 0 0 1 1 0 0 1 1 0 0 0 0 0 0 0 0 0 0 	0	1	5 0 0 0 0 	4 3 2 1 0 
1 2 1 3 0 2 1 3 0 3 0 3 0 3 0 3 0 4 0 1 0 4 0 1 0 1 0 1 0 1 0 1 0 2 1 3 0 2 1 3 0 3 0 3 0 3 0 3 0 4 0 1 0 4 0 1 0 1 0 1 0 1 0 1 0 2 1 3 0 2 1 3 0 3 0 3 0 3 0 3 0 4 0 1 0 4 0 1 0 1 0 1 0 1 0 1 0 2 1 3 0 2 1 3 0 3 0 3 0 3 0 3 0 4 0 1 0 4 0 1 0 1 0 1 0 1 0 1 0 2 1 3 0 2 1 3 0 3 0 3 0 3 0 3 0 4 0 1 0 4 0 1 0 1 0 1 0 1 0 1 0 2 1 3 0 2 1 3 0 3 0 3 0 3 0 3 0 4 0 1 0 4 0 1 0 1 0 1 0 1 0 1 0 2 1 3 0 2 1 3 0 3 0 3 0 3 0 3 0 4 0 1 0 4 0 1 0 1 0 1 0 1 0 1 0 2 1 3 0 2 1 3 0 3 0 3 0 3 0 3 0 4 0 1 0 4 0 1 0 1 0 1 0 1 0 1 0 	0	2	4 5 0 0 0 	3 2 1 0 0 
2 5 1 6 0 5 1 6 0 6 0 6 0 6 0 6 0 7 0 8 0 7 0 8 0 8 0 8 0 8 0 8 0 9 0 10 0 9 0 10 0 10 0 10 0 10 0 10 0 11 0 2 0 11 0 2 0 2 0 2 0 2 0 2 0 5 1 6 0 5 1 6 0 6 0 6 0 6 0 6 0 7 0 8 0 7 0 8 0 8 0 8 0 8 0 8 0 9 0 10 0 9 0 10 0 10 0 10 0 10 0 10 0 11 0 2 0 11 0 2 0 2 0 2 0 2 0 2 0 5 1 6 0 5 1 6 0 6 0 6 0 6 0 6 0 7 0 8 0 7 0 8 0 8 0 8 0 8 0 8 0 9 0 10 0 9 0 10 0 10 0 10 0 10 0 10 0 11 0 2 0 11 0 2 0 2 0 2 0 2 0 2 0 5 1 6 0 5 1 6 0 6 0 6 0 6 0 6 0 7 0 8 0 7 0 8 0 8 0 8 0 8 0 8 0 9 0 10 0 9 0 10 0 10 0 10 0 10 0 10 0 11 0 2 0 11 0 2 0 2 0 2 0 2 0 2 0 	0	3	3 4 5 0 0 	2 1 0 0 0 
3 8 1 12 0 8 1 12 0 12 0 12 0 12 0 12 0 8 1 12 0 8 1 12 0 12 0 12 0 12 0 12 0 2 1 3 0 2 1 3 0 3 0 3 0 3 0 3 0 2 1 3 0 2 1 3 0 3 0 3 0 3 0 3 0 8 1 12 0 8 1 12 0 12 0 12 0 12 0 12 0 8 1 12 0 8 1 12 0 12 0 12 0 12 0 12 0 2 1 3 0 2 1 3 0 3 0 3 0 3 0 3 0 2 1 3 0 2 1 3 0 3 0 3 0 3 0 3 0 8 1 12 0 8 1 12 0 12 0 12 0 12 0 12 0 8 1 12 0 8 1 12 0 12 0 12 0 12 0 12 0 2 1 3 0 2 1 3 0 3 0 3 0 3 0 3 0 2 1 3 0 2 1 3 0 3 0 3 0 3 0 3 0 8 1 12 0 8 1 12 0 12 0 12 0 12 0 12 0 8 1 12 0 8 1 12 0 12 0 12 0 12 0 12 0 2 1 3 0 2 1 3 0 3 0 3 0 3 0 3 0 2 1 3 0 2 1 3 0 3 0 3 0 3 0 3 0 	0	1	5 0 0 0 0 	3 2 1 1 0 
4 11 1 2 1 11 1 2 1 2 1 2 1 2 1 2 1 4 0 4 0 4 0 4 0 4 0 4 0 4 0 4 0 11 1 2 1 11 1 2 1 2 1 2 1 2 1 2 1 4 0 4 0 4 0 4 0 4 0 4 0 4 0 4 0 11 1 2 1 11 1 2 1 2 1 2 1 2 1 2 1 4 0 4 0 4 0 4 0 4 0 4 0 4 0 4 0 11 1 2 1 11 1 2 1 2 1 2 1 2 1 2 1 4 0 4 0 4 0 4 0 4 0 4 0 4 0 4 0 11 1 2 1 11 1 2 1 2 1 2 1 2 1 2 1 4 0 4 0 4 0 4 0 4 0 4 0 4 0 4 0 11 1 2 1 11 1 2 1 2 1 2 1 2 1 2 1 4 0 4 0 4 0 4 0 4 0 4 0 4 0 4 0 11 1 2 1 11 1 2 1 2 1 2 1 2 1 2 1 4 0 4 0 4 0 4 0 4 0 4 0 4 0 4 0 11 1 2 1 11 1 2 1 2 1 2 1 2 1 2 1 4 0 4 0 4 0 4 0 4 0 4 0 4 0 4 0 	0	1	4 0 0 0 0 	3 2 1 0 1 
5 13 1 14 0 13 1 14 0 14 0 14 0 14 0 14 0 15 0 16 0 15 0 16 0 16 0 16 0 16 0 16 0 17 0 18 0 17 0 18 0 18 0 18 0 18 0 18 0 19 0 20 0 19 0 20 0 20 0 20 0 20 0 20 0 21 0 22 0 21 0 22 0 22 0 22 0 22 0 22 0 23 0 24 0 23 0 24 0 24 0 24 0 24 0 24 0 25 0 26 0 25 0 26 0 26 0 26 0 26 0 26 0 27 0 5 0 27 0 5 0 5 0 5 0 5 0 5 0 13 1 14 0 13 1 14 0 14 0 14 0 14 0 14 0 15 0 16 0 15 0 16 0 16 0 16 0 16 0 16 0 17 0 18 0 17 0 18 0 18 0 18 0 18 0 18 0 19 0 20 0 19 0 20 0 20 0 20 0 20 0 20 0 21 0 22 0 21 0 22 0 22 0 22 0 22 0 22 0 23 0 24 0 23 0 24 0 24 0 24 0 24 0 24 0 25 0 26 0 25 0 26 0 26 0 26 0 26 0 26 0 27 0 5 0 27 0 5 0 5 0 5 0 5 0 5 0 	0	4	2 3 4 5 0 	1 0 0 0 0 
6 16 1 28 0 16 1 28 0 28 0 28 0 28 0 28 0 16 1 28 0 16 1 28 0 28 0 28 0 28 0 28 0 20 1 29 0 20 1 29 0 29 0 29 0 29 0 29 0 20 1 29 0 20 1 29 0 29 0 29 0 29 0 29 0 24 1 30 0 24 1 30 0 30 0 30 0 30 0 30 0 24 1 30 0 24 1 30 0 30 0 30 0 30 0 30 0 5 1 6 0 5 1 6 0 6 0 6 0 6 0 6 0 5 1 6 0 5 1 6 0 6 0 6 0 6 0 6 0 16 1 28 0 16 1 28 0 28 0 28 0 28 0 28 0 16 1 28 0 16 1 28 0 28 0 28 0 28 0 28 0 20 1 29 0 20 1 29 0 29 0 29 0 29 0 29 0 20 1 29 0 20 1 29 0 29 0 29 0 29 0 29 0 24 1 30 0 24 1 30 0 30 0 30 0 30 0 30 0 24 1 30 0 24 1 30 0 30 0 30 0 30 0 30 0 5 1 6 0 5 1 6 0 6 0 6 0 6 0 6 0 5 1 6 0 5 1 6 0 6 0 6 0 6 0 6 0 	0	1	5 0 0 0 0 	2 1 1 1 0 
7 19 1 20 1 19 1 20 1 20 1 20 1 20 1 20 1 31 0 31 0 31 0 31 0 31 0 31 0 31 0 31 0 19 1 20 1 19 1 20 1 20 1 20 1 20 1 20 1 31 0 31 0 31 0 31 0 31 0 31 0 31 0 31 0 27 1 5 1 27 1 5 1 5 1 5 1 5 1 5 1 7 0 7 0 7 0 7 0 7 0 7 0 7 0 7 0 27 1 5 1 27 1 5 1 5 1 5 1 5 1 5 1 7 0 7 0 7 0 7 0 7 0 7 0 7 0 7 0 19 1 20 1 19 1 20 1 20 1 20 1 20 1 20 1 31 0 31 0 31 0 31 0 31 0 31 0 31 0 31 0 19 1 20 1 19 1 20 1 20 1 20 1 20 1 20 1 31 0 31 0 31 0 31 0 31 0 31 0 31 0 31 0 27 1 5 1 27 1 5 1 5 1 5 1 5 1 5 1 7 0 7 0 7 0 7 0 7 0 7 0 7 0 7 0 27 1 5 1 27 1 5 1 5 1 5 1 5 1 5 1 7 0 7 0 7 0 7 0 7 0 7 0 7 0 7 0 	0	1	4 0 0 0 0 	2 1 1 0 1 
8 20 1 29 0 20 1 29 0 29 0 29 0 29 0 29 0 31 0 32 0 31 0 32 0 32 0 32 0 32 0 32 0 20 1 29 0 20 1 29 0 29 0 29 0 29 0 29 0 31 0 32 0 31 0 32 0 32 0 32 0 32 0 32 0 5 1 6 0 5 1 6 0 6 0 6 0 6 0 6 0 7 0 8 0 7 0 8 0 8 0 8 0 8 0 8 0 5 1 6 0 5 1 6 0 6 0 6 0 6 0 6 0 7 0 8 0 7 0 8 0 8 0 8 0 8 0 8 0 20 1 29 0 20 1 29 0 29 0 29 0 29 0 29 0 31 0 32 0 31 0 32 0 32 0 32 0 32 0 32 0 20 1 29 0 20 1 29 0 29 0 29 0 29 0 29 0 31 0 32 0 31 0 32 0 32 0 32 0 32 0 32 0 5 1 6 0 5 1 6 0 6 0 6 0 6 0 6 0 7 0 8 0 7 0 8 0 8 0 8 0 8 0 8 0 5 1 6 0 5 1 6 0 6 0 6 0 6 0 6 0 7 0 8 0 7 0 8 0 8 0 8 0 8 0 8 0 	0	2	4 5 0 0 0 	2 1 1 0 0 
9 25 1 26 1 25 1 26 1 26 1 26 1 26 1 26 1 27 1 5 1 27 1 5 1 5 1 5 1 5 1 5 1 33 0 9 0 33 0 9 0 9 0 9 0 9 0 9 0 33 0 9 0 33 0 9 0 9 0 9 0 9 0 9 0 25 1 26 1 25 1 26 1 26 1 26 1 26 1 26 1 27 1 5 1 27 1 5 1 5 1 5 1 5 1 5 1 33 0 9 0 33 0 9 0 9 0 9 0 9 0 9 0 33 0 9 0 33 0 9 0 9 0 9 0 9 0 9 0 25 1 26 1 25 1 26 1 26 1 26 1 26 1 26 1 27 1 5 1 27 1 5 1 5 1 5 1 5 1 5 1 33 0 9 0 33 0 9 0 9 0 9 0 9 0 9 0 33 0 9 0 33 0 9 0 9 0 9 0 9 0 9 0 25 1 26 1 25 1 26 1 26 1 26 1 26 1 26 1 27 1 5 1 27 1 5 1 5 1 5 1 5 1 5 1 33 0 9 0 33 0 9 0 9 0 9 0 9 0 9 0 33 0 9 0 33 0 9 0 9 0 9 0 9 0 9 0 	0	1	3 0 0 0 0 	2 1 0 1 1 
10 5 1 6 0 5 1 6 0 6 0 6 0 6 0 6 0 5 1 6 0 5 1 6 0 6 0 6 0 6 0 6 0 9 0 10 0 9 0 10 0 10 0 10 0 10 0 10 0 9 0 10 0 9 0 10 0 10 0 10 0 10 0 10 0 5 1 6 0 5 1 6 0 6 0 6 0 6 0 6 0 5 1 6 0 5 1 6 0 6 0 6 0 6 0 6 0 9 0 10 0 9 0 10 0 10 0 10 0 10 0 10 0 9 0 10 0 9 0 10 0 10 0 10 0 10 0 10 0 5 1 6 0 5 1 6 0 6 0 6 0 6 0 6 0 5 1 6 0 5 1 6 0 6 0 6 0 6 0 6 0 9 0 10 0 9 0 10 0 10 0 10 0 10 0 10 0 9 0 10 0 9 0 10 0 10 0 10 0 10 0 10 0 5 1 6 0 5 1 6 0 6 0 6 0 6 0 6 0 5 1 6 0 5 1 6 0 6 0 6 0 6 0 6 0 9 0 10 0 9 0 10 0 10 0 10 0 10 0 10 0 9 0 10 0 9 0 10 0 10 0 10 0 10 0 10 0 	0	2	3 5 0 0 0 	2 1 0 1 0 
11 27 1 5 1 27 1 5 1 5 1 5 1 5 1 5 1 7 0 7 0 7 0 7 0 7 0 7 0 7 0 7 0 33 0 9 0 33 0 9 0 9 0 9 0 9 0 9 0 11 0 11 0 11 0 11 0 11 0 11 0 11 0 11 0 27 1 5 1 27 1 5 1 5 1 5 1 5 1 5 1 7 0 7 0 7 0 7 0 7 0 7 0 7 0 7 0 33 0 9 0 33 0 9 0 9 0 9 0 9 0 9 0 11 0 11 0 11 0 11 0 11 0 11 0 11 0 11 0 27 1 5 1 27 1 5 1 5 1 5 1 5 1 5 1 7 0 7 0 7 0 7 0 7 0 7 0 7 0 7 0 33 0 9 0 33 0 9 0 9 0 9 0 9 0 9 0 11 0 11 0 11 0 11 0 11 0 11 0 11 0 11 0 27 1 5 1 27 1 5 1 5 1 5 1 5 1 5 1 7 0 7 0 7 0 7 0 7 0 7 0 7 0 7 0 33 0 9 0 33 0 9 0 9 0 9 0 9 0 9 0 11 0 11 0 11 0 11 0 11 0 11 0 11 0 11 0 	0	2	3 4 0 0 0 	2 1 0 0 1 
12 32 1 34 0 32 1 34 0 34 0 34 0 34 0 34 0 32 1 34 0 32 1 34 0 34 0 34 0 34 0 34 0 32 1 34 0 32 1 34 0 34 0 34 0 34 0 34 0 32 1 34 0 32 1 34 0 34 0 34 0 34 0 34 0 8 1 12 0 8 1 12 0 12 0 12 0 12 0 12 0 8 1 12 0 8 1 12 0 12 0 12 0 12 0 12 0 8 1 12 0 8 1 12 0 12 0 12 0 12 0 12 0 8 1 12 0 8 1 12 0 12 0 12 0 12 0 12 0 32 1 34 0 32 1 34 0 34 0 34 0 34 0 34 0 32 1 34 0 32 1 34 0 34 0 34 0 34 0 34 0 32 1 34 0 32 1 34 0 34 0 34 0 34 0 34 0 32 1 34 0 32 1 34 0 34 0 34 0 34 0 34 0 8 1 12 0 8 1 12 0 12 0 12 0 12 0 12 0 8 1 12 0 8 1 12 0 12 0 12 0 12 0 12 0 8 1 12 0 8 1 12 0 12 0 12 0 12 0 12 0 8 1 12 0 8 1 12 0 12 0 12 0 12 0 12 0 	0	1	5 0 0 0 0 	3 2 2 1 0 
13 13 1 14 0 35 0 36 0 14 0 14 0 36 0 36 0 15 0 16 0 37 0 38 0 16 0 16 0 38 0 38 0 17 0 18 0 39 0 40 0 18 0 18 0 40 0 40 0 19 0 20 0 41 0 42 0 20 0 20 0 42 0 42 0 21 0 22 0 43 0 44 0 22 0 22 0 44 0 44 0 23 0 24 0 45 0 46 0 24 0 24 0 46 0 46 0 25 0 26 0 47 0 48 0 26 0 26 0 48 0 48 0 27 0 5 0 49 0 13 0 5 0 5 0 13 0 13 0 35 0 36 0 35 0 36 0 36 0 36 0 36 0 36 0 37 0 38 0 37 0 38 0 38 0 38 0 38 0 38 0 39 0 40 0 39 0 40 0 40 0 40 0 40 0 40 0 41 0 42 0 41 0 42 0 42 0 42 0 42 0 42 0 43 0 44 0 43 0 44 0 44 0 44 0 44 0 44 0 45 0 46 0 45 0 46 0 46 0 46 0 46 0 46 0 47 0 48 0 47 0 48 0 48 0 48 0 48 0 48 0 49 0 13 0 49 0 13 0 13 0 13 0 13 0 13 0 	0	5	1 2 3 4 5 	0 0 0 0 0 
14 16 1 28 0 38 1 50 0 28 0 28 0 50 0 50 0 16 1 28 0 38 1 50 0 28 0 28 0 50 0 50 0 20 1 29 0 42 1 51 0 29 0 29 0 51 0 51 0 20 1 29 0 42 1 51 0 29 0 29 0 51 0 51 0 24 1 30 0 46 1 52 0 30 0 30 0 52 0 52 0 24 1 30 0 46 1 52 0 30 0 30 0 52 0 52 0 5 1 6 0 13 1 14 0 6 0 6 0 14 0 14 0 5 1 6 0 13 1 14 0 6 0 6 0 14 0 14 0 38 1 50 0 38 1 50 0 50 0 50 0 50 0 50 0 38 1 50 0 38 1 50 0 50 0 50 0 50 0 50 0 42 1 51 0 42 1 51 0 51 0 51 0 51 0 51 0 42 1 51 0 42 1 51 0 51 0 51 0 51 0 51 0 46 1 52 0 46 1 52 0 52 0 52 0 52 0 52 0 46 1 52 0 46 1 52 0 52 0 52 0 52 0 52 0 13 1 14 0 13 1 14 0 14 0 14 0 14 0 14 0 13 1 14 0 13 1 14 0 14 0 14 0 14 0 14 0 	0	1	5 0 0 0 0 	1 1 1 1 0 
15 19 1 20 1 41 1 42 1 20 1 20 1 42 1 42 1 31 0 31 0 53 0 53 0 31 0 31 0 53 0 53 0 19 1 20 1 41 1 42 1 20 1 20 1 42 1 42 1 31 0 31 0 53 0 53 0 31 0 31 0 53 0 53 0 27 1 5 1 49 1 13 1 5 1 5 1 13 1 13 1 7 0 7 0 15 0 15 0 7 0 7 0 15 0 15 0 27 1 5 1 49 1 13 1 5 1 5 1 13 1 13 1 7 0 7 0 15 0 15 0 7 0 7 0 15 0 15 0 41 1 42 1 41 1 42 1 42 1 42 1 42 1 42 1 53 0 53 0 53 0 53 0 53 0 53 0 53 0 53 0 41 1 42 1 41 1 42 1 42 1 42 1 42 1 42 1 53 0 53 0 53 0 53 0 53 0 53 0 53 0 53 0 49 1 13 1 49 1 13 1 13 1 13 1 13 1 13 1 15 0 15 0 15 0 15 0 15 0 15 0 15 0 15 0 49 1 13 1 49 1 13 1 13 1 13 1 13 1 13 1 15 0 15 0 15 0 15 0 15 0 15 0 15 0 15 0 	0	1	4 0 0 0 0 	1 1 1 0 1 
16 20 1 29 0 42 1 51 0 29 0 29 0 51 0 51 0 31 0 32 0 53 0 54 0 32 0 32 0 54 0 54 0 20 1 29 0 42 1 51 0 29 0 29 0 51 0 51 0 31 0 32 0 53 0 54 0 32 0 32 0 54 0 54 0 5 1 6 0 13 1 14 0 6 0 6 0 14 0 14 0 7 0 8 0 15 0 16 0 8 0 8 0 16 0 16 0 5 1 6 0 13 1 14 0 6 0 6 0 14 0 14 0 7 0 8 0 15 0 16 0 8 0 8 0 16 0 16 0 42 1 51 0 42 1 51 0 51 0 51 0 51 0 51 0 53 0 54 0 53 0 54 0 54 0 54 0 54 0 54 0 42 1 51 0 42 1 51 0 51 0 51 0 51 0 51 0 53 0 54 0 53 0 54 0 54 0 54 0 54 0 54 0 13 1 14 0 13 1 14 0 14 0 14 0 14 0 14 0 15 0 16 0 15 0 16 0 16 0 16 0 16 0 16 0 13 1 14 0 13 1 14 0 14 0 14 0 14 0 14 0 15 0 16 0 15 0 16 0 16 0 16 0 16 0 16 0 	0	2	4 5 0 0 0 	1 1 1 0 0 
17 25 1 26 1 47 1 48 1 26 1 26 1 48 1 48 1 27 1 5 1 49 1 13 1 5 1 5 1 13 1 13 1 33 0 9 0 55 0 17 0 9 0 9 0 17 0 17 0 33 0 9 0 55 0 17 0 9 0 9 0 17 0 17 0 25 1 26 1 47 1 48 1 26 1 26 1 48 1 48 1 27 1 5 1 49 1 13 1 5 1 5 1 13 1 13 1 33 0 9 0 55 0 17 0 9 0 9 0 17 0 17 0 33 0 9 0 55 0 17 0 9 0 9 0 17 0 17 0 47 1 48 1 47 1 48 1 48 1 48 1 48 1 48 1 49 1 13 1 49 1 13 1 13 1 13 1 13 1 13 1 55 0 17 0 55 0 17 0 17 0 17 0 17 0 17 0 55 0 17 0 55 0 17 0 17 0 17 0 17 0 17 0 47 1 48 1 47 1 48 1 48 1 48 1 48 1 48 1 49 1 13 1 49 1 13 1 13 1 13 1 13 1 13 1 55 0 17 0 55 0 17 0 17 0 17 0 17 0 17 0 55 0 17 0 55 0 17 0 17 0 17 0 17 0 17 0 	0	1	3 0 0 0 0 	1 1 0 1 1 
18 5 1 6 0 13 1 14 0 6 0 6 0 14 0 14 0 5 1 6 0 13 1 14 0 6 0 6 0 14 0 14 0 9 0 10 0 17 0 18 0 10 0 10 0 18 0 18 0 9 0 10 0 17 0 18 0 10 0 10 0 18 0 18 0 5 1 6 0 13 1 14 0 6 0 6 0 14 0 14 0 5 1 6 0 13 1 14 0 6 0 6 0 14 0 14 0 9 0 10 0 17 0 18 0 10 0 10 0 18 0 18 0 9 0 10 0 17 0 18 0 10 0 10 0 18 0 18 0 13 1 14 0 13 1 14 0 14 0 14 0 14 0 14 0 13 1 14 0 13 1 14 0 14 0 14 0 14 0 14 0 17 0 18 0 17 0 18 0 18 0 18 0 18 0 18 0 17 0 18 0 17 0 18 0 18 0 18 0 18 0 18 0 13 1 14 0 13 1 14 0 14 0 14 0 14 0 14 0 13 1 14 0 13 1 14 0 14 0 14 0 14 0 14 0 17 0 18 0 17 0 18 0 18 0 18 0 18 0 18 0 17 0 18 0 17 0 18 0 18 0 18 0 18 0 18 0 	0	2	3 5 0 0 0 	1 1 0 1 0 
19 27 1 5 1 49 1 13 1 5 1 5 1 13 1 13 1 7 0 7 0 15 0 15 0 7 0 7 0 15 0 15 0 33 0 9 0 55 0 17 0 9 0 9 0 17 0 17 0 11 0 11 0 19 0 19 0 11 0 11 0 19 0 19 0 27 1 5 1 49 1 13 1 5 1 5 1 13 1 13 1 7 0 7 0 15 0 15 0 7 0 7 0 15 0 15 0 33 0 9 0 55 0 17 0 9 0 9 0 17 0 17 0 11 0 11 0 19 0 19 0 11 0 11 0 19 0 19 0 49 1 13 1 49 1 13 1 13 1 13 1 13 1 13 1 15 0 15 0 15 0 15 0 15 0 15 0 15 0 15 0 55 0 17 0 55 0 17 0 17 0 17 0 17 0 17 0 19 0 19 0 19 0 19 0 19 0 19 0 19 0 19 0 49 1 13 1 49 1 13 1 13 1 13 1 13 1 13 1 15 0 15 0 15 0 15 0 15 0 15 0 15 0 15 0 55 0 17 0 55 0 17 0 17 0 17 0 17 0 17 0 19 0 19 0 19 0 19 0 19 0 19 0 19 0 19 0 	0	2	3 4 0 0 0 	1 1 0 0 1 
20 5 1 6 0 13 1 14 0 6 0 6 0 14 0 14 0 7 0 8 0 15 0 16 0 8 0 8 0 16 0 16 0 9 0 10 0 17 0 18 0 10 0 10 0 18 0 18 0 11 0 2 0 19 0 20 0 2 0 2 0 20 0 20 0 5 1 6 0 13 1 14 0 6 0 6 0 14 0 14 0 7 0 8 0 15 0 16 0 8 0 8 0 16 0 16 0 9 0 10 0 17 0 18 0 10 0 10 0 18 0 18 0 11 0 2 0 19 0 20 0 2 0 2 0 20 0 20 0 13 1 14 0 13 1 14 0 14 0 14 0 14 0 14 0 15 0 16 0 15 0 16 0 16 0 16 0 16 0 16 0 17 0 18 0 17 0 18 0 18 0 18 0 18 0 18 0 19 0 20 0 19 0 20 0 20 0 20 0 20 0 20 0 13 1 14 0 13 1 14 0 14 0 14 0 14 0 14 0 15 0 16 0 15 0 16 0 16 0 16 0 16 0 16 0 17 0 18 0 17 0 18 0 18 0 18 0 18 0 18 0 19 0 20 0 19 0 20 0 20 0 20 0 20 0 20 0 	0	3	3 4 5 0 0 	1 1 0 0 0 
21 43 1 44 1 43 1 44 1 44 1 44 1 44 1 44 1 45 1 46 1 45 1 46 1 46 1 46 1 46 1 46 1 47 1 48 1 47 1 48 1 48 1 48 1 48 1 48 1 49 1 13 1 49 1 13 1 13 1 13 1 13 1 13 1 56 0 57 0 56 0 57 0 57 0 57 0 57 0 57 0 58 0 21 0 58 0 21 0 21 0 21 0 21 0 21 0 56 0 57 0 56 0 57 0 57 0 57 0 57 0 57 0 58 0 21 0 58 0 21 0 21 0 21 0 21 0 21 0 43 1 44 1 43 1 44 1 44 1 44 1 44 1 44 1 45 1 46 1 45 1 46 1 46 1 46 1 46 1 46 1 47 1 48 1 47 1 48 1 48 1 48 1 48 1 48 1 49 1 13 1 49 1 13 1 13 1 13 1 13 1 13 1 56 0 57 0 56 0 57 0 57 0 57 0 57 0 57 0 58 0 21 0 58 0 21 0 21 0 21 0 21 0 21 0 56 0 57 0 56 0 57 0 57 0 57 0 57 0 57 0 58 0 21 0 58 0 21 0 21 0 21 0 21 0 21 0 	0	1	2 0 0 0 0 	1 0 1 1 1 
22 46 1 52 0 46 1 52 0 52 0 52 0 52 0 52 0 46 1 52 0 46 1 52 0 52 0 52 0 52 0 52 0 13 1 14 0 13 1 14 0 14 0 14 0 14 0 14 0 13 1 14 0 13 1 14 0 14 0 14 0 14 0 14 0 21 0 22 0 21 0 22 0 22 0 22 0 22 0 22 0 21 0 22 0 21 0 22 0 22 0 22 0 22 0 22 0 21 0 22 0 21 0 22 0 22 0 22 0 22 0 22 0 21 0 22 0 21 0 22 0 22 0 22 0 22 0 22 0 46 1 52 0 46 1 52 0 52 0 52 0 52 0 52 0 46 1 52 0 46 1 52 0 52 0 52 0 52 0 52 0 13 1 14 0 13 1 14 0 14 0 14 0 14 0 14 0 13 1 14 0 13 1 14 0 14 0 14 0 14 0 14 0 21 0 22 0 21 0 22 0 22 0 22 0 22 0 22 0 21 0 22 0 21 0 22 0 22 0 22 0 22 0 22 0 21 0 22 0 21 0 22 0 22 0 22 0 22 0 22 0 21 0 22 0 21 0 22 0 22 0 22 0 22 0 22 0 	0	2	2 5 0 0 0 	1 0 1 1 0 
23 49 1 13 1 49 1 13 1 13 1 13 1 13 1 13 1 15 0 15 0 15 0 15 0 15 0 15 0 15 0 15 0 49 1 13 1 49 1 13 1 13 1 13 1 13 1 13 1 15 0 15 0 15 0 15 0 15 0 15 0 15 0 15 0 58 0 21 0 58 0 21 0 21 0 21 0 21 0 21 0 23 0 23 0 23 0 23 0 23 0 23 0 23 0 23 0 58 0 21 0 58 0 21 0 21 0 21 0 21 0 21 0 23 0 23 0 23 0 23 0 23 0 23 0 23 0 23 0 49 1 13 1 49 1 13 1 13 1 13 1 13 1 13 1 15 0 15 0 15 0 15 0 15 0 15 0 15 0 15 0 49 1 13 1 49 1 13 1 13 1 13 1 13 1 13 1 15 0 15 0 15 0 15 0 15 0 15 0 15 0 15 0 58 0 21 0 58 0 21 0 21 0 21 0 21 0 21 0 23 0 23 0 23 0 23 0 23 0 23 0 23 0 23 0 58 0 21 0 58 0 21 0 21 0 21 0 21 0 21 0 23 0 23 0 23 0 23 0 23 0 23 0 23 0 23 0 	0	2	2 4 0 0 0 	1 0 1 0 1 
24 13 1 14 0 13 1 14 0 14 0 14 0 14 0 14 0 15 0 16 0 15 0 16 0 16 0 16 0 16 0 16 0 13 1 14 0 13 1 14 0 14 0 14 0 14 0 14 0 15 0 16 0 15 0 16 0 16 0 16 0 16 0 16 0 21 0 22 0 21 0 22 0 22 0 22 0 22 0 22 0 23 0 24 0 23 0 24 0 24 0 24 0 24 0 24 0 21 0 22 0 21 0 22 0 22 0 22 0 22 0 22 0 23 0 24 0 23 0 24 0 24 0 24 0 24 0 24 0 13 1 14 0 13 1 14 0 14 0 14 0 14 0 14 0 15 0 16 0 15 0 16 0 16 0 16 0 16 0 16 0 13 1 14 0 13 1 14 0 14 0 14 0 14 0 14 0 15 0 16 0 15 0 16 0 16 0 16 0 16 0 16 0 21 0 22 0 21 0 22 0 22 0 22 0 22 0 22 0 23 0 24 0 23 0 24 0 24 0 24 0 24 0 24 0 21 0 22 0 21 0 22 0 22 0 22 0 22 0 22 0 23 0 24 0 23 0 24 0 24 0 24 0 24 0 24 0 	0	3	2 4 5 0 0 	1 0 1 0 0 
25 47 1 48 1 47 1 48 1 48 1 48 1 48 1 48 1 49 1 13 1 49 1 13 1 13 1 13 1 13 1 13 1 55 0 17 0 55 0 17 0 17 0 17 0 17 0 17 0 55 0 17 0 55 0 17 0 17 0 17 0 17 0 17 0 56 0 57 0 56 0 57 0 57 0 57 0 57 0 57 0 58 0 21 0 58 0 21 0 21 0 21 0 21 0 21 0 59 0 25 0 59 0 25 0 25 0 25 0 25 0 25 0 59 0 25 0 59 0 25 0 25 0 25 0 25 0 25 0 47 1 48 1 47 1 48 1 48 1 48 1 48 1 48 1 49 1 13 1 49 1 13 1 13 1 13 1 13 1 13 1 55 0 17 0 55 0 17 0 17 0 17 0 17 0 17 0 55 0 17 0 55 0 17 0 17 0 17 0 17 0 17 0 56 0 57 0 56 0 57 0 57 0 57 0 57 0 57 0 58 0 21 0 58 0 21 0 21 0 21 0 21 0 21 0 59 0 25 0 59 0 25 0 25 0 25 0 25 0 25 0 59 0 25 0 59 0 25 0 25 0 25 0 25 0 25 0 	0	2	2 3 0 0 0 	1 0 0 1 1 
26 13 1 14 0 13 1 14 0 14 0 14 0 14 0 14 0 13 1 14 0 13 1 14 0 14 0 14 0 14 0 14 0 17 0 18 0 17 0 18 0 18 0 18 0 18 0 18 0 17 0 18 0 17 0 18 0 18 0 18 0 18 0 18 0 21 0 22 0 21 0 22 0 22 0 22 0 22 0 22 0 21 0 22 0 21 0 22 0 22 0 22 0 22 0 22 0 25 0 26 0 25 0 26 0 26 0 26 0 26 0 26 0 25 0 26 0 25 0 26 0 26 0 26 0 26 0 26 0 13 1 14 0 13 1 14 0 14 0 14 0 14 0 14 0 13 1 14 0 13 1 14 0 14 0 14 0 14 0 14 0 17 0 18 0 17 0 18 0 18 0 18 0 18 0 18 0 17 0 18 0 17 0 18 0 18 0 18 0 18 0 18 0 21 0 22 0 21 0 22 0 22 0 22 0 22 0 22 0 21 0 22 0 21 0 22 0 22 0 22 0 22 0 22 0 25 0 26 0 25 0 26 0 26 0 26 0 26 0 26 0 25 0 26 0 25 0 26 0 26 0 26 0 26 0 26 0 	0	3	2 3 5 0 0 	1 0 0 1 0 
27 49 1 13 1 49 1 13 1 13 1 13 1 13 1 13 1 15 0 15 0 15 0 15 0 15 0 15 0 15 0 15 0 55 0 17 0 55 0 17 0 17 0 17 0 17 0 17 0 19 0 19 0 19 0 19 0 19 0 19 0 19 0 19 0 58 0 21 0 58 0 21 0 21 0 21 0 21 0 21 0 23 0 23 0 23 0 23 0 23 0 23 0 23 0 23 0 59 0 25 0 59 0 25 0 25 0 25 0 25 0 25 0 27 0 27 0 27 0 27 0 27 0 27 0 27 0 27 0 49 1 13 1 49 1 13 1 13 1 13 1 13 1 13 1 15 0 15 0 15 0 15 0 15 0 15 0 15 0 15 0 55 0 17 0 55 0 17 0 17 0 17 0 17 0 17 0 19 0 19 0 19 0 19 0 19 0 19 0 19 0 19 0 58 0 21 0 58 0 21 0 21 0 21 0 21 0 21 0 23 0 23 0 23 0 23 0 23 0 23 0 23 0 23 0 59 0 25 0 59 0 25 0 25 0 25 0 25 0 25 0 27 0 27 0 27 0 27 0 27 0 27 0 27 0 27 0 	0	3	2 3 4 0 0 	1 0 0 0 1 
28 32 1 34 0 54 1 60 0 34 0 34 0 60 0 60 0 32 1 34 0 54 1 60 0 34 0 34 0 60 0 60 0 32 1 34 0 54 1 60 0 34 0 34 0 60 0 60 0 32 1 34 0 54 1 60 0 34 0 34 0 60 0 60 0 8 1 12 0 16 1 28 0 12 0 12 0 28 0 28 0 8 1 12 0 16 1 28 0 12 0 12 0 28 0 28 0 8 1 12 0 16 1 28 0 12 0 12 0 28 0 28 0 8 1 12 0 16 1 28 0 12 0 12 0 28 0 28 0 54 1 60 0 54 1 60 0 60 0 60 0 60 0 60 0 54 1 60 0 54 1 60 0 60 0 60 0 60 0 60 0 54 1 60 0 54 1 60 0 60 0 60 0 60 0 60 0 54 1 60 0 54 1 60 0 60 0 60 0 60 0 60 0 16 1 28 0 16 1 28 0 28 0 28 0 28 0 28 0 16 1 28 0 16 1 28 0 28 0 28 0 28 0 28 0 16 1 28 0 16 1 28 0 28 0 28 0 28 0 28 0 16 1 28 0 16 1 28 0 28 0 28 0 28 0 28 0 	0	1	5 0 0 0 0 	2 2 2 1 0 
29 8 1 12 0 16 1 28 0 12 0 12 0 28 0 28 0 8 1 12 0 16 1 28 0 12 0 12 0 28 0 28 0 2 1 3 0 20 1 29 0 3 0 3 0 29 0 29 0 2 1 3 0 20 1 29 0 3 0 3 0 29 0 29 0 8 1 12 0 16 1 28 0 12 0 12 0 28 0 28 0 8 1 12 0 16 1 28 0 12 0 12 0 28 0 28 0 2 1 3 0 20 1 29 0 3 0 3 0 29 0 29 0 2 1 3 0 20 1 29 0 3 0 3 0 29 0 29 0 16 1 28 0 16 1 28 0 28 0 28 0 28 0 28 0 16 1 28 0 16 1 28 0 28 0 28 0 28 0 28 0 20 1 29 0 20 1 29 0 29 0 29 0 29 0 29 0 20 1 29 0 20 1 29 0 29 0 29 0 29 0 29 0 16 1 28 0 16 1 28 0 28 0 28 0 28 0 28 0 16 1 28 0 16 1 28 0 28 0 28 0 28 0 28 0 20 1 29 0 20 1 29 0 29 0 29 0 29 0 29 0 20 1 29 0 20 1 29 0 29 0 29 0 29 0 29 0 	0	1	5 0 0 0 0 	2 2 1 1 0 
30 16 1 28 0 16 1 28 0 28 0 28 0 28 0 28 0 16 1 28 0 16 1 28 0 28 0 28 0 28 0 28 0 16 1 28 0 16 1 28 0 28 0 28 0 28 0 28 0 16 1 28 0 16 1 28 0 28 0 28 0 28 0 28 0 24 1 30 0 24 1 30 0 30 0 30 0 30 0 30 0 24 1 30 0 24 1 30 0 30 0 30 0 30 0 30 0 24 1 30 0 24 1 30 0 30 0 30 0 30 0 30 0 24 1 30 0 24 1 30 0 30 0 30 0 30 0 30 0 16 1 28 0 16 1 28 0 28 0 28 0 28 0 28 0 16 1 28 0 16 1 28 0 28 0 28 0 28 0 28 0 16 1 28 0 16 1 28 0 28 0 28 0 28 0 28 0 16 1 28 0 16 1 28 0 28 0 28 0 28 0 28 0 24 1 30 0 24 1 30 0 30 0 30 0 30 0 30 0 24 1 30 0 24 1 30 0 30 0 30 0 30 0 30 0 24 1 30 0 24 1 30 0 30 0 30 0 30 0 30 0 24 1 30 0 24 1 30 0 30 0 30 0 30 0 30 0 	0	1	5 0 0 0 0 	2 1 2 1 0 
31 11 1 2 1 19 1 20 1 2 1 2 1 20 1 20 1 4 0 4 0 31 0 31 0 4 0 4 0 31 0 31 0 11 1 2 1 19 1 20 1 2 1 2 1 20 1 20 1 4 0 4 0 31 0 31 0 4 0 4 0 31 0 31 0 11 1 2 1 19 1 20 1 2 1 2 1 20 1 20 1 4 0 4 0 31 0 31 0 4 0 4 0 31 0 31 0 11 1 2 1 19 1 20 1 2 1 2 1 20 1 20 1 4 0 4 0 31 0 31 0 4 0 4 0 31 0 31 0 19 1 20 1 19 1 20 1 20 1 20 1 20 1 20 1 31 0 31 0 31 0 31 0 31 0 31 0 31 0 31 0 19 1 20 1 19 1 20 1 20 1 20 1 20 1 20 1 31 0 31 0 31 0 31 0 31 0 31 0 31 0 31 0 19 1 20 1 19 1 20 1 20 1 20 1 20 1 20 1 31 0 31 0 31 0 31 0 31 0 31 0 31 0 31 0 19 1 20 1 19 1 20 1 20 1 20 1 20 1 20 1 31 0 31 0 31 0 31 0 31 0 31 0 31 0 31 0 	0	1	4 0 0 0 0 	2 2 1 0 1 
32 2 1 3 0 20 1 29 0 3 0 3 0 29 0 29 0 4 0 1 0 31 0 32 0 1 0 1 0 32 0 32 0 2 1 3 0 20 1 29 0 3 0 3 0 29 0 29 0 4 0 1 0 31 0 32 0 1 0 1 0 32 0 32 0 2 1 3 0 20 1 29 0 3 0 3 0 29 0 29 0 4 0 1 0 31 0 32 0 1 0 1 0 32 0 32 0 2 1 3 0 20 1 29 0 3 0 3 0 29 0 29 0 4 0 1 0 31 0 32 0 1 0 1 0 32 0 32 0 20 1 29 0 20 1 29 0 29 0 29 0 29 0 29 0 31 0 32 0 31 0 32 0 32 0 32 0 32 0 32 0 20 1 29 0 20 1 29 0 29 0 29 0 29 0 29 0 31 0 32 0 31 0 32 0 32 0 32 0 32 0 32 0 20 1 29 0 20 1 29 0 29 0 29 0 29 0 29 0 31 0 32 0 31 0 32 0 32 0 32 0 32 0 32 0 20 1 29 0 20 1 29 0 29 0 29 0 29 0 29 0 31 0 32 0 31 0 32 0 32 0 32 0 32 0 32 0 	0	2	4 5 0 0 0 	2 2 1 0 0 
33 59 1 25 1 59 1 25 1 25 1 25 1 25 1 25 1 27 1 27 1 27 1 27 1 27 1 27 1 27 1 27 1 33 0 33 0 33 0 33 0 33 0 33 0 33 0 33 0 33 0 33 0 33 0 33 0 33 0 33 0 33 0 33 0 59 1 25 1 59 1 25 1 25 1 25 1 25 1 25 1 27 1 27 1 27 1 27 1 27 1 27 1 27 1 27 1 33 0 33 0 33 0 33 0 33 0 33 0 33 0 33 0 33 0 33 0 33 0 33 0 33 0 33 0 33 0 33 0 59 1 25 1 59 1 25 1 25 1 25 1 25 1 25 1 27 1 27 1 27 1 27 1 27 1 27 1 27 1 27 1 33 0 33 0 33 0 33 0 33 0 33 0 33 0 33 0 33 0 33 0 33 0 33 0 33 0 33 0 33 0 33 0 59 1 25 1 59 1 25 1 25 1 25 1 25 1 25 1 27 1 27 1 27 1 27 1 27 1 27 1 27 1 27 1 33 0 33 0 33 0 33 0 33 0 33 0 33 0 33 0 33 0 33 0 33 0 33 0 33 0 33 0 33 0 33 0 	0	1	3 0 0 0 0 	2 1 0 1 2 
34 1 1 0 0 32 1 34 0 0 0 0 0 34 0 34 0 1 1 0 0 32 1 34 0 0 0 0 0 34 0 34 0 1 1 0 0 32 1 34 0 0 0 0 0 34 0 34 0 1 1 0 0 32 1 34 0 0 0 0 0 34 0 34 0 1 1 0 0 32 1 34 0 0 0 0 0 34 0 34 0 1 1 0 0 32 1 34 0 0 0 0 0 34 0 34 0 1 1 0 0 32 1 34 0 0 0 0 0 34 0 34 0 1 1 0 0 32 1 34 0 0 0 0 0 34 0 34 0 32 1 34 0 32 1 34 0 34 0 34 0 34 0 34 0 32 1 34 0 32 1 34 0 34 0 34 0 34 0 34 0 32 1 34 0 32 1 34 0 34 0 34 0 34 0 34 0 32 1 34 0 32 1 34 0 34 0 34 0 34 0 34 0 32 1 34 0 32 1 34 0 34 0 34 0 34 0 34 0 32 1 34 0 32 1 34 0 34 0 34 0 34 0 34 0 32 1 34 0 32 1 34 0 34 0 34 0 34 0 34 0 32 1 34 0 32 1 34 0 34 0 34 0 34 0 34 0 	0	1	5 0 0 0 0 	3 3 2 1 0 
35 35 1 36 1 61 0 62 0 36 1 36 1 62 0 62 0 37 1 38 1 63 0 64 0 38 1 38 1 64 0 64 0 39 1 40 1 65 0 66 0 40 1 40 1 66 0 66 0 41 1 42 1 67 0 35 0 42 1 42 1 35 0 35 0 43 1 44 1 61 0 62 0 44 1 44 1 62 0 62 0 45 1 46 1 63 0 64 0 46 1 46 1 64 0 64 0 47 1 48 1 65 0 66 0 48 1 48 1 66 0 66 0 49 1 13 1 67 0 35 0 13 1 13 1 35 0 35 0 61 0 62 0 61 0 62 0 62 0 62 0 62 0 62 0 63 0 64 0 63 0 64 0 64 0 64 0 64 0 64 0 65 0 66 0 65 0 66 0 66 0 66 0 66 0 66 0 67 0 35 0 67 0 35 0 35 0 35 0 35 0 35 0 61 0 62 0 61 0 62 0 62 0 62 0 62 0 62 0 63 0 64 0 63 0 64 0 64 0 64 0 64 0 64 0 65 0 66 0 65 0 66 0 66 0 66 0 66 0 66 0 67 0 35 0 67 0 35 0 35 0 35 0 35 0 35 0 	0	1	1 0 0 0 0 	0 1 1 1 1 
36 38 1 50 0 64 0 68 0 50 0 50 0 68 0 68 0 38 1 50 0 64 0 68 0 50 0 50 0 68 0 68 0 42 1 51 0 35 0 36 0 51 0 51 0 36 0 36 0 42 1 51 0 35 0 36 0 51 0 51 0 36 0 36 0 46 1 52 0 64 0 68 0 52 0 52 0 68 0 68 0 46 1 52 0 64 0 68 0 52 0 52 0 68 0 68 0 13 1 14 0 35 0 36 0 14 0 14 0 36 0 36 0 13 1 14 0 35 0 36 0 14 0 14 0 36 0 36 0 64 0 68 0 64 0 68 0 68 0 68 0 68 0 68 0 64 0 68 0 64 0 68 0 68 0 68 0 68 0 68 0 35 0 36 0 35 0 36 0 36 0 36 0 36 0 36 0 35 0 36 0 35 0 36 0 36 0 36 0 36 0 36 0 64 0 68 0 64 0 68 0 68 0 68 0 68 0 68 0 64 0 68 0 64 0 68 0 68 0 68 0 68 0 68 0 35 0 36 0 35 0 36 0 36 0 36 0 36 0 36 0 35 0 36 0 35 0 36 0 36 0 36 0 36 0 36 0 	0	2	1 5 0 0 0 	0 1 1 1 0 
37 41 1 42 1 67 0 35 0 42 1 42 1 35 0 35 0 53 0 53 0 37 0 37 0 53 0 53 0 37 0 37 0 41 1 42 1 67 0 35 0 42 1 42 1 35 0 35 0 53 0 53 0 37 0 37 0 53 0 53 0 37 0 37 0 49 1 13 1 67 0 35 0 13 1 13 1 35 0 35 0 15 0 15 0 37 0 37 0 15 0 15 0 37 0 37 0 49 1 13 1 67 0 35 0 13 1 13 1 35 0 35 0 15 0 15 0 37 0 37 0 15 0 15 0 37 0 37 0 67 0 35 0 67 0 35 0 35 0 35 0 35 0 35 0 37 0 37 0 37 0 37 0 37 0 37 0 37 0 37 0 67 0 35 0 67 0 35 0 35 0 35 0 35 0 35 0 37 0 37 0 37 0 37 0 37 0 37 0 37 0 37 0 67 0 35 0 67 0 35 0 35 0 35 0 35 0 35 0 37 0 37 0 37 0 37 0 37 0 37 0 37 0 37 0 67 0 35 0 67 0 35 0 35 0 35 0 35 0 35 0 37 0 37 0 37 0 37 0 37 0 37 0 37 0 37 0 	0	2	1 4 0 0 0 	0 1 1 0 1 
38 42 1 51 0 35 0 36 0 51 0 51 0 36 0 36 0 53 0 54 0 37 0 38 0 54 0 54 0 38 0 38 0 42 1 51 0 35 0 36 0 51 0 51 0 36 0 36 0 53 0 54 0 37 0 38 0 54 0 54 0 38 0 38 0 13 1 14 0 35 0 36 0 14 0 14 0 36 0 36 0 15 0 16 0 37 0 38 0 16 0 16 0 38 0 38 0 13 1 14 0 35 0 36 0 14 0 14 0 36 0 36 0 15 0 16 0 37 0 38 0 16 0 16 0 38 0 38 0 35 0 36 0 35 0 36 0 36 0 36 0 36 0 36 0 37 0 38 0 37 0 38 0 38 0 38 0 38 0 38 0 35 0 36 0 35 0 36 0 36 0 36 0 36 0 36 0 37 0 38 0 37 0 38 0 38 0 38 0 38 0 38 0 35 0 36 0 35 0 36 0 36 0 36 0 36 0 36 0 37 0 38 0 37 0 38 0 38 0 38 0 38 0 38 0 35 0 36 0 35 0 36 0 36 0 36 0 36 0 36 0 37 0 38 0 37 0 38 0 38 0 38 0 38 0 38 0 	0	3	1 4 5 0 0 	0 1 1 0 0 
39 47 1 48 1 65 0 66 0 48 1 48 1 66 0 66 0 49 1 13 1 67 0 35 0 13 1 13 1 35 0 35 0 55 0 17 0 69 0 39 0 17 0 17 0 39 0 39 0 55 0 17 0 69 0 39 0 17 0 17 0 39 0 39 0 47 1 48 1 65 0 66 0 48 1 48 1 66 0 66 0 49 1 13 1 67 0 35 0 13 1 13 1 35 0 35 0 55 0 17 0 69 0 39 0 17 0 17 0 39 0 39 0 55 0 17 0 69 0 39 0 17 0 17 0 39 0 39 0 65 0 66 0 65 0 66 0 66 0 66 0 66 0 66 0 67 0 35 0 67 0 35 0 35 0 35 0 35 0 35 0 69 0 39 0 69 0 39 0 39 0 39 0 39 0 39 0 69 0 39 0 69 0 39 0 39 0 39 0 39 0 39 0 65 0 66 0 65 0 66 0 66 0 66 0 66 0 66 0 67 0 35 0 67 0 35 0 35 0 35 0 35 0 35 0 69 0 39 0 69 0 39 0 39 0 39 0 39 0 39 0 69 0 39 0 69 0 39 0 39 0 39 0 39 0 39 0 	0	2	1 3 0 0 0 	0 1 0 1 1 
40 13 1 14 0 35 0 36 0 14 0 14 0 36 0 36 0 13 1 14 0 35 0 36 0 14 0 14 0 36 0 36 0 17 0 18 0 39 0 40 0 18 0 18 0 40 0 40 0 17 0 18 0 39 0 40 0 18 0 18 0 40 0 40 0 13 1 14 0 35 0 36 0 14 0 14 0 36 0 36 0 13 1 14 0 35 0 36 0 14 0 14 0 36 0 36 0 17 0 18 0 39 0 40 0 18 0 18 0 40 0 40 0 17 0 18 0 39 0 40 0 18 0 18 0 40 0 40 0 35 0 36 0 35 0 36 0 36 0 36 0 36 0 36 0 35 0 36 0 35 0 36 0 36 0 36 0 36 0 36 0 39 0 40 0 39 0 40 0 40 0 40 0 40 0 40 0 39 0 40 0 39 0 40 0 40 0 40 0 40 0 40 0 35 0 36 0 35 0 36 0 36 0 36 0 36 0 36 0 35 0 36 0 35 0 36 0 36 0 36 0 36 0 36 0 39 0 40 0 39 0 40 0 40 0 40 0 40 0 40 0 39 0 40 0 39 0 40 0 40 0 40 0 40 0 40 0 	0	3	1 3 5 0 0 	0 1 0 1 0 
41 49 1 13 1 67 0 35 0 13 1 13 1 35 0 35 0 15 0 15 0 37 0 37 0 15 0 15 0 37 0 37 0 55 0 17 0 69 0 39 0 17 0 17 0 39 0 39 0 19 0 19 0 41 0 41 0 19 0 19 0 41 0 41 0 49 1 13 1 67 0 35 0 13 1 13 1 35 0 35 0 15 0 15 0 37 0 37 0 15 0 15 0 37 0 37 0 55 0 17 0 69 0 39 0 17 0 17 0 39 0 39 0 19 0 19 0 41 0 41 0 19 0 19 0 41 0 41 0 67 0 35 0 67 0 35 0 35 0 35 0 35 0 35 0 37 0 37 0 37 0 37 0 37 0 37 0 37 0 37 0 69 0 39 0 69 0 39 0 39 0 39 0 39 0 39 0 41 0 41 0 41 0 41 0 41 0 41 0 41 0 41 0 67 0 35 0 67 0 35 0 35 0 35 0 35 0 35 0 37 0 37 0 37 0 37 0 37 0 37 0 37 0 37 0 69 0 39 0 69 0 39 0 39 0 39 0 39 0 39 0 41 0 41 0 41 0 41 0 41 0 41 0 41 0 41 0 	0	3	1 3 4 0 0 	0 1 0 0 1 
42 13 1 14 0 35 0 36 0 14 0 14 0 36 0 36 0 15 0 16 0 37 0 38 0 16 0 16 0 38 0 38 0 17 0 18 0 39 0 40 0 18 0 18 0 40 0 40 0 19 0 20 0 41 0 42 0 20 0 20 0 42 0 42 0 13 1 14 0 35 0 36 0 14 0 14 0 36 0 36 0 15 0 16 0 37 0 38 0 16 0 16 0 38 0 38 0 17 0 18 0 39 0 40 0 18 0 18 0 40 0 40 0 19 0 20 0 41 0 42 0 20 0 20 0 42 0 42 0 35 0 36 0 35 0 36 0 36 0 36 0 36 0 36 0 37 0 38 0 37 0 38 0 38 0 38 0 38 0 38 0 39 0 40 0 39 0 40 0 40 0 40 0 40 0 40 0 41 0 42 0 41 0 42 0 42 0 42 0 42 0 42 0 35 0 36 0 35 0 36 0 36 0 36 0 36 0 36 0 37 0 38 0 37 0 38 0 38 0 38 0 38 0 38 0 39 0 40 0 39 0 40 0 40 0 40 0 40 0 40 0 41 0 42 0 41 0 42 0 42 0 42 0 42 0 42 0 	0	4	1 3 4 5 0 	0 1 0 0 0 
43 43 1 44 1 61 0 62 0 44 1 44 1 62 0 62 0 45 1 46 1 63 0 64 0 46 1 46 1 64 0 64 0 47 1 48 1 65 0 66 0 48 1 48 1 66 0 66 0 49 1 13 1 67 0 35 0 13 1 13 1 35 0 35 0 56 0 57 0 70 0 71 0 57 0 57 0 71 0 71 0 58 0 21 0 72 0 43 0 21 0 21 0 43 0 43 0 56 0 57 0 70 0 71 0 57 0 57 0 71 0 71 0 58 0 21 0 72 0 43 0 21 0 21 0 43 0 43 0 61 0 62 0 61 0 62 0 62 0 62 0 62 0 62 0 63 0 64 0 63 0 64 0 64 0 64 0 64 0 64 0 65 0 66 0 65 0 66 0 66 0 66 0 66 0 66 0 67 0 35 0 67 0 35 0 35 0 35 0 35 0 35 0 70 0 71 0 70 0 71 0 71 0 71 0 71 0 71 0 72 0 43 0 72 0 43 0 43 0 43 0 43 0 43 0 70 0 71 0 70 0 71 0 71 0 71 0 71 0 71 0 72 0 43 0 72 0 43 0 43 0 43 0 43 0 43 0 	0	2	1 2 0 0 0 	0 0 1 1 1 
44 46 1 52 0 64 0 68 0 52 0 52 0 68 0 68 0 46 1 52 0 64 0 68 0 52 0 52 0 68 0 68 0 13 1 14 0 35 0 36 0 14 0 14 0 36 0 36 0 13 1 14 0 35 0 36 0 14 0 14 0 36 0 36 0 21 0 22 0 43 0 44 0 22 0 22 0 44 0 44 0 21 0 22 0 43 0 44 0 22 0 22 0 44 0 44 0 21 0 22 0 43 0 44 0 22 0 22 0 44 0 44 0 21 0 22 0 43 0 44 0 22 0 22 0 44 0 44 0 64 0 68 0 64 0 68 0 68 0 68 0 68 0 68 0 64 0 68 0 64 0 68 0 68 0 68 0 68 0 68 0 35 0 36 0 35 0 36 0 36 0 36 0 36 0 36 0 35 0 36 0 35 0 36 0 36 0 36 0 36 0 36 0 43 0 44 0 43 0 44 0 44 0 44 0 44 0 44 0 43 0 44 0 43 0 44 0 44 0 44 0 44 0 44 0 43 0 44 0 43 0 44 0 44 0 44 0 44 0 44 0 43 0 44 0 43 0 44 0 44 0 44 0 44 0 44 0 	0	3	1 2 5 0 0 	0 0 1 1 0 
45 49 1 13 1 67 0 35 0 13 1 13 1 35 0 35 0 15 0 15 0 37 0 37 0 15 0 15 0 37 0 37 0 49 1 13 1 67 0 35 0 13 1 13 1 35 0 35 0 15 0 15 0 37 0 37 0 15 0 15 0 37 0 37 0 58 0 21 0 72 0 43 0 21 0 21 0 43 0 43 0 23 0 23 0 45 0 45 0 23 0 23 0 45 0 45 0 58 0 21 0 72 0 43 0 21 0 21 0 43 0 43 0 23 0 23 0 45 0 45 0 23 0 23 0 45 0 45 0 67 0 35 0 67 0 35 0 35 0 35 0 35 0 35 0 37 0 37 0 37 0 37 0 37 0 37 0 37 0 37 0 67 0 35 0 67 0 35 0 35 0 35 0 35 0 35 0 37 0 37 0 37 0 37 0 37 0 37 0 37 0 37 0 72 0 43 0 72 0 43 0 43 0 43 0 43 0 43 0 45 0 45 0 45 0 45 0 45 0 45 0 45 0 45 0 72 0 43 0 72 0 43 0 43 0 43 0 43 0 43 0 45 0 45 0 45 0 45 0 45 0 45 0 45 0 45 0 	0	3	1 2 4 0 0 	0 0 1 0 1 
46 13 1 14 0 35 0 36 0 14 0 14 0 36 0 36 0 15 0 16 0 37 0 38 0 16 0 16 0 38 0 38 0 13 1 14 0 35 0 36 0 14 0 14 0 36 0 36 0 15 0 16 0 37 0 38 0 16 0 16 0 38 0 38 0 21 0 22 0 43 0 44 0 22 0 22 0 44 0 44 0 23 0 24 0 45 0 46 0 24 0 24 0 46 0 46 0 21 0 22 0 43 0 44 0 22 0 22 0 44 0 44 0 23 0 24 0 45 0 46 0 24 0 24 0 46 0 46 0 35 0 36 0 35 0 36 0 36 0 36 0 36 0 36 0 37 0 38 0 37 0 38 0 38 0 38 0 38 0 38 0 35 0 36 0 35 0 36 0 36 0 36 0 36 0 36 0 37 0 38 0 37 0 38 0 38 0 38 0 38 0 38 0 43 0 44 0 43 0 44 0 44 0 44 0 44 0 44 0 45 0 46 0 45 0 46 0 46 0 46 0 46 0 46 0 43 0 44 0 43 0 44 0 44 0 44 0 44 0 44 0 45 0 46 0 45 0 46 0 46 0 46 0 46 0 46 0 	0	4	1 2 4 5 0 	0 0 1 0 0 
47 47 1 48 1 65 0 66 0 48 1 48 1 66 0 66 0 49 1 13 1 67 0 35 0 13 1 13 1 35 0 35 0 55 0 17 0 69 0 39 0 17 0 17 0 39 0 39 0 55 0 17 0 69 0 39 0 17 0 17 0 39 0 39 0 56 0 57 0 70 0 71 0 57 0 57 0 71 0 71 0 58 0 21 0 72 0 43 0 21 0 21 0 43 0 43 0 59 0 25 0 73 0 47 0 25 0 25 0 47 0 47 0 59 0 25 0 73 0 47 0 25 0 25 0 47 0 47 0 65 0 66 0 65 0 66 0 66 0 66 0 66 0 66 0 67 0 35 0 67 0 35 0 35 0 35 0 35 0 35 0 69 0 39 0 69 0 39 0 39 0 39 0 39 0 39 0 69 0 39 0 69 0 39 0 39 0 39 0 39 0 39 0 70 0 71 0 70 0 71 0 71 0 71 0 71 0 71 0 72 0 43 0 72 0 43 0 43 0 43 0 43 0 43 0 73 0 47 0 73 0 47 0 47 0 47 0 47 0 47 0 73 0 47 0 73 0 47 0 47 0 47 0 47 0 47 0 	0	3	1 2 3 0 0 	0 0 0 1 1 
48 13 1 14 0 35 0 36 0 14 0 14 0 36 0 36 0 13 1 14 0 35 0 36 0 14 0 14 0 36 0 36 0 17 0 18 0 39 0 40 0 18 0 18 0 40 0 40 0 17 0 18 0 39 0 40 0 18 0 18 0 40 0 40 0 21 0 22 0 43 0 44 0 22 0 22 0 44 0 44 0 21 0 22 0 43 0 44 0 22 0 22 0 44 0 44 0 25 0 26 0 47 0 48 0 26 0 26 0 48 0 48 0 25 0 26 0 47 0 48 0 26 0 26 0 48 0 48 0 35 0 36 0 35 0 36 0 36 0 36 0 36 0 36 0 35 0 36 0 35 0 36 0 36 0 36 0 36 0 36 0 39 0 40 0 39 0 40 0 40 0 40 0 40 0 40 0 39 0 40 0 39 0 40 0 40 0 40 0 40 0 40 0 43 0 44 0 43 0 44 0 44 0 44 0 44 0 44 0 43 0 44 0 43 0 44 0 44 0 44 0 44 0 44 0 47 0 48 0 47 0 48 0 48 0 48 0 48 0 48 0 47 0 48 0 47 0 48 0 48 0 48 0 48 0 48 0 	0	4	1 2 3 5 0 	0 0 0 1 0 
49 49 1 13 1 67 0 35 0 13 1 13 1 35 0 35 0 15 0 15 0 37 0 37 0 15 0 15 0 37 0 37 0 55 0 17 0 69 0 39 0 17 0 17 0 39 0 39 0 19 0 19 0 41 0 41 0 19 0 19 0 41 0 41 0 58 0 21 0 72 0 43 0 21 0 21 0 43 0 43 0 23 0 23 0 45 0 45 0 23 0 23 0 45 0 45 0 59 0 25 0 73 0 47 0 25 0 25 0 47 0 47 0 27 0 27 0 49 0 49 0 27 0 27 0 49 0 49 0 67 0 35 0 67 0 35 0 35 0 35 0 35 0 35 0 37 0 37 0 37 0 37 0 37 0 37 0 37 0 37 0 69 0 39 0 69 0 39 0 39 0 39 0 39 0 39 0 41 0 41 0 41 0 41 0 41 0 41 0 41 0 41 0 72 0 43 0 72 0 43 0 43 0 43 0 43 0 43 0 45 0 45 0 45 0 45 0 45 0 45 0 45 0 45 0 73 0 47 0 73 0 47 0 47 0 47 0 47 0 47 0 49 0 49 0 49 0 49 0 49 0 49 0 49 0 49 0 	0	4	1 2 3 4 0 	0 0 0 0 1 
50 54 1 60 0 38 1 50 0 60 0 60 0 50 0 50 0 54 1 60 0 38 1 50 0 60 0 60 0 50 0 50 0 54 1 60 0 38 1 50 0 60 0 60 0 50 0 50 0 54 1 60 0 38 1 50 0 60 0 60 0 50 0 50 0 16 1 28 0 38 1 50 0 28 0 28 0 50 0 50 0 16 1 28 0 38 1 50 0 28 0 28 0 50 0 50 0 16 1 28 0 38 1 50 0 28 0 28 0 50 0 50 0 16 1 28 0 38 1 50 0 28 0 28 0 50 0 50 0 38 1 50 0 38 1 50 0 50 0 50 0 50 0 50 0 38 1 50 0 38 1 50 0 50 0 50 0 50 0 50 0 38 1 50 0 38 1 50 0 50 0 50 0 50 0 50 0 38 1 50 0 38 1 50 0 50 0 50 0 50 0 50 0 38 1 50 0 38 1 50 0 50 0 50 0 50 0 50 0 38 1 50 0 38 1 50 0 50 0 50 0 50 0 50 0 38 1 50 0 38 1 50 0 50 0 50 0 50 0 50 0 38 1 50 0 38 1 50 0 50 0 50 0 50 0 50 0 	0	1	5 0 0 0 0 	1 2 2 1 0 
51 16 1 28 0 38 1 50 0 28 0 28 0 50 0 50 0 16 1 28 0 38 1 50 0 28 0 28 0 50 0 50 0 20 1 29 0 42 1 51 0 29 0 29 0 51 0 51 0 20 1 29 0 42 1 51 0 29 0 29 0 51 0 51 0 16 1 28 0 38 1 50 0 28 0 28 0 50 0 50 0 16 1 28 0 38 1 50 0 28 0 28 0 50 0 50 0 20 1 29 0 42 1 51 0 29 0 29 0 51 0 51 0 20 1 29 0 42 1 51 0 29 0 29 0 51 0 51 0 38 1 50 0 38 1 50 0 50 0 50 0 50 0 50 0 38 1 50 0 38 1 50 0 50 0 50 0 50 0 50 0 42 1 51 0 42 1 51 0 51 0 51 0 51 0 51 0 42 1 51 0 42 1 51 0 51 0 51 0 51 0 51 0 38 1 50 0 38 1 50 0 50 0 50 0 50 0 50 0 38 1 50 0 38 1 50 0 50 0 50 0 50 0 50 0 42 1 51 0 42 1 51 0 51 0 51 0 51 0 51 0 42 1 51 0 42 1 51 0 51 0 51 0 51 0 51 0 	0	1	5 0 0 0 0 	1 2 1 1 0 
52 16 1 28 0 38 1 50 0 28 0 28 0 50 0 50 0 16 1 28 0 38 1 50 0 28 0 28 0 50 0 50 0 16 1 28 0 38 1 50 0 28 0 28 0 50 0 50 0 16 1 28 0 38 1 50 0 28 0 28 0 50 0 50 0 24 1 30 0 46 1 52 0 30 0 30 0 52 0 52 0 24 1 30 0 46 1 52 0 30 0 30 0 52 0 52 0 24 1 30 0 46 1 52 0 30 0 30 0 52 0 52 0 24 1 30 0 46 1 52 0 30 0 30 0 52 0 52 0 38 1 50 0 38 1 50 0 50 0 50 0 50 0 50 0 38 1 50 0 38 1 50 0 50 0 50 0 50 0 50 0 38 1 50 0 38 1 50 0 50 0 50 0 50 0 50 0 38 1 50 0 38 1 50 0 50 0 50 0 50 0 50 0 46 1 52 0 46 1 52 0 52 0 52 0 52 0 52 0 46 1 52 0 46 1 52 0 52 0 52 0 52 0 52 0 46 1 52 0 46 1 52 0 52 0 52 0 52 0 52 0 46 1 52 0 46 1 52 0 52 0 52 0 52 0 52 0 	0	1	5 0 0 0 0 	1 1 2 1 0 
53 19 1 20 1 41 1 42 1 20 1 20 1 42 1 42 1 31 0 31 0 53 0 53 0 31 0 31 0 53 0 53 0 19 1 20 1 41 1 42 1 20 1 20 1 42 1 42 1 31 0 31 0 53 0 53 0 31 0 31 0 53 0 53 0 19 1 20 1 41 1 42 1 20 1 20 1 42 1 42 1 31 0 31 0 53 0 53 0 31 0 31 0 53 0 53 0 19 1 20 1 41 1 42 1 20 1 20 1 42 1 42 1 31 0 31 0 53 0 53 0 31 0 31 0 53 0 53 0 41 1 42 1 41 1 42 1 42 1 42 1 42 1 42 1 53 0 53 0 53 0 53 0 53 0 53 0 53 0 53 0 41 1 42 1 41 1 42 1 42 1 42 1 42 1 42 1 53 0 53 0 53 0 53 0 53 0 53 0 53 0 53 0 41 1 42 1 41 1 42 1 42 1 42 1 42 1 42 1 53 0 53 0 53 0 53 0 53 0 53 0 53 0 53 0 41 1 42 1 41 1 42 1 42 1 42 1 42 1 42 1 53 0 53 0 53 0 53 0 53 0 53 0 53 0 53 0 	0	1	4 0 0 0 0 	1 2 1 0 1 
54 20 1 29 0 42 1 51 0 29 0 29 0 51 0 51 0 31 0 32 0 53 0 54 0 32 0 32 0 54 0 54 0 20 1 29 0 42 1 51 0 29 0 29 0 51 0 51 0 31 0 32 0 53 0 54 0 32 0 32 0 54 0 54 0 20 1 29 0 42 1 51 0 29 0 29 0 51 0 51 0 31 0 32 0 53 0 54 0 32 0 32 0 54 0 54 0 20 1 29 0 42 1 51 0 29 0 29 0 51 0 51 0 31 0 32 0 53 0 54 0 32 0 32 0 54 0 54 0 42 1 51 0 42 1 51 0 51 0 51 0 51 0 51 0 53 0 54 0 53 0 54 0 54 0 54 0 54 0 54 0 42 1 51 0 42 1 51 0 51 0 51 0 51 0 51 0 53 0 54 0 53 0 54 0 54 0 54 0 54 0 54 0 42 1 51 0 42 1 51 0 51 0 51 0 51 0 51 0 53 0 54 0 53 0 54 0 54 0 54 0 54 0 54 0 42 1 51 0 42 1 51 0 51 0 51 0 51 0 51 0 53 0 54 0 53 0 54 0 54 0 54 0 54 0 54 0 	0	2	4 5 0 0 0 	1 2 1 0 0 
55 59 1 25 1 73 1 47 1 25 1 25 1 47 1 47 1 27 1 27 1 49 1 49 1 27 1 27 1 49 1 49 1 33 0 33 0 55 0 55 0 33 0 33 0 55 0 55 0 33 0 33 0 55 0 55 0 33 0 33 0 55 0 55 0 59 1 25 1 73 1 47 1 25 1 25 1 47 1 47 1 27 1 27 1 49 1 49 1 27 1 27 1 49 1 49 1 33 0 33 0 55 0 55 0 33 0 33 0 55 0 55 0 33 0 33 0 55 0 55 0 33 0 33 0 55 0 55 0 73 1 47 1 73 1 47 1 47 1 47 1 47 1 47 1 49 1 49 1 49 1 49 1 49 1 49 1 49 1 49 1 55 0 55 0 55 0 55 0 55 0 55 0 55 0 55 0 55 0 55 0 55 0 55 0 55 0 55 0 55 0 55 0 73 1 47 1 73 1 47 1 47 1 47 1 47 1 47 1 49 1 49 1 49 1 49 1 49 1 49 1 49 1 49 1 55 0 55 0 55 0 55 0 55 0 55 0 55 0 55 0 55 0 55 0 55 0 55 0 55 0 55 0 55 0 55 0 	0	1	3 0 0 0 0 	1 1 0 1 2 
56 70 1 71 1 70 1 71 1 71 1 71 1 71 1 71 1 72 1 43 1 72 1 43 1 43 1 43 1 43 1 43 1 73 1 47 1 73 1 47 1 47 1 47 1 47 1 47 1 73 1 47 1 73 1 47 1 47 1 47 1 47 1 47 1 74 0 56 0 74 0 56 0 56 0 56 0 56 0 56 0 74 0 56 0 74 0 56 0 56 0 56 0 56 0 56 0 74 0 56 0 74 0 56 0 56 0 56 0 56 0 56 0 74 0 56 0 74 0 56 0 56 0 56 0 56 0 56 0 70 1 71 1 70 1 71 1 71 1 71 1 71 1 71 1 72 1 43 1 72 1 43 1 43 1 43 1 43 1 43 1 73 1 47 1 73 1 47 1 47 1 47 1 47 1 47 1 73 1 47 1 73 1 47 1 47 1 47 1 47 1 47 1 74 0 56 0 74 0 56 0 56 0 56 0 56 0 56 0 74 0 56 0 74 0 56 0 56 0 56 0 56 0 56 0 74 0 56 0 74 0 56 0 56 0 56 0 56 0 56 0 74 0 56 0 74 0 56 0 56 0 56 0 56 0 56 0 	0	1	2 0 0 0 0 	1 0 1 2 2 
57 43 1 44 1 43 1 44 1 44 1 44 1 44 1 44 1 43 1 44 1 43 1 44 1 44 1 44 1 44 1 44 1 47 1 48 1 47 1 48 1 48 1 48 1 48 1 48 1 47 1 48 1 47 1 48 1 48 1 48 1 48 1 48 1 56 0 57 0 56 0 57 0 57 0 57 0 57 0 57 0 56 0 57 0 56 0 57 0 57 0 57 0 57 0 57 0 56 0 57 0 56 0 57 0 57 0 57 0 57 0 57 0 56 0 57 0 56 0 57 0 57 0 57 0 57 0 57 0 43 1 44 1 43 1 44 1 44 1 44 1 44 1 44 1 43 1 44 1 43 1 44 1 44 1 44 1 44 1 44 1 47 1 48 1 47 1 48 1 48 1 48 1 48 1 48 1 47 1 48 1 47 1 48 1 48 1 48 1 48 1 48 1 56 0 57 0 56 0 57 0 57 0 57 0 57 0 57 0 56 0 57 0 56 0 57 0 57 0 57 0 57 0 57 0 56 0 57 0 56 0 57 0 57 0 57 0 57 0 57 0 56 0 57 0 56 0 57 0 57 0 57 0 57 0 57 0 	0	1	2 0 0 0 0 	1 0 1 2 1 
58 72 1 43 1 72 1 43 1 43 1 43 1 43 1 43 1 45 1 45 1 45 1 45 1 45 1 45 1 45 1 45 1 73 1 47 1 73 1 47 1 47 1 47 1 47 1 47 1 49 1 49 1 49 1 49 1 49 1 49 1 49 1 49 1 74 0 56 0 74 0 56 0 56 0 56 0 56 0 56 0 58 0 58 0 58 0 58 0 58 0 58 0 58 0 58 0 74 0 56 0 74 0 56 0 56 0 56 0 56 0 56 0 58 0 58 0 58 0 58 0 58 0 58 0 58 0 58 0 72 1 43 1 72 1 43 1 43 1 43 1 43 1 43 1 45 1 45 1 45 1 45 1 45 1 45 1 45 1 45 1 73 1 47 1 73 1 47 1 47 1 47 1 47 1 47 1 49 1 49 1 49 1 49 1 49 1 49 1 49 1 49 1 74 0 56 0 74 0 56 0 56 0 56 0 56 0 56 0 58 0 58 0 58 0 58 0 58 0 58 0 58 0 58 0 74 0 56 0 74 0 56 0 56 0 56 0 56 0 56 0 58 0 58 0 58 0 58 0 58 0 58 0 58 0 58 0 	0	1	2 0 0 0 0 	1 0 1 1 2 
59 73 1 47 1 73 1 47 1 47 1 47 1 47 1 47 1 49 1 49 1 49 1 49 1 49 1 49 1 49 1 49 1 55 0 55 0 55 0 55 0 55 0 55 0 55 0 55 0 55 0 55 0 55 0 55 0 55 0 55 0 55 0 55 0 74 0 56 0 74 0 56 0 56 0 56 0 56 0 56 0 58 0 58 0 58 0 58 0 58 0 58 0 58 0 58 0 59 0 59 0 59 0 59 0 59 0 59 0 59 0 59 0 59 0 59 0 59 0 59 0 59 0 59 0 59 0 59 0 73 1 47 1 73 1 47 1 47 1 47 1 47 1 47 1 49 1 49 1 49 1 49 1 49 1 49 1 49 1 49 1 55 0 55 0 55 0 55 0 55 0 55 0 55 0 55 0 55 0 55 0 55 0 55 0 55 0 55 0 55 0 55 0 74 0 56 0 74 0 56 0 56 0 56 0 56 0 56 0 58 0 58 0 58 0 58 0 58 0 58 0 58 0 58 0 59 0 59 0 59 0 59 0 59 0 59 0 59 0 59 0 59 0 59 0 59 0 59 0 59 0 59 0 59 0 59 0 	0	2	2 3 0 0 0 	1 0 0 1 2 
60 32 1 34 0 54 1 60 0 34 0 34 0 60 0 60 0 32 1 34 0 54 1 60 0 34 0 34 0 60 0 60 0 32 1 34 0 54 1 60 0 34 0 34 0 60 0 60 0 32 1 34 0 54 1 60 0 34 0 34 0 60 0 60 0 32 1 34 0 54 1 60 0 34 0 34 0 60 0 60 0 32 1 34 0 54 1 60 0 34 0 34 0 60 0 60 0 32 1 34 0 54 1 60 0 34 0 34 0 60 0 60 0 32 1 34 0 54 1 60 0 34 0 34 0 60 0 60 0 54 1 60 0 54 1 60 0 60 0 60 0 60 0 60 0 54 1 60 0 54 1 60 0 60 0 60 0 60 0 60 0 54 1 60 0 54 1 60 0 60 0 60 0 60 0 60 0 54 1 60 0 54 1 60 0 60 0 60 0 60 0 60 0 54 1 60 0 54 1 60 0 60 0 60 0 60 0 60 0 54 1 60 0 54 1 60 0 60 0 60 0 60 0 60 0 54 1 60 0 54 1 60 0 60 0 60 0 60 0 60 0 54 1 60 0 54 1 60 0 60 0 60 0 60 0 60 0 	0	1	5 0 0 0 0 	2 3 2 1 0 
61 61 1 62 1 75 0 76 0 62 1 62 1 76 0 76 0 63 1 64 1 77 0 61 0 64 1 64 1 61 0 61 0 65 1 66 1 75 0 76 0 66 1 66 1 76 0 76 0 67 1 35 1 77 0 61 0 35 1 35 1 61 0 61 0 70 1 71 1 75 0 76 0 71 1 71 1 76 0 76 0 72 1 43 1 77 0 61 0 43 1 43 1 61 0 61 0 70 1 71 1 75 0 76 0 71 1 71 1 76 0 76 0 72 1 43 1 77 0 61 0 43 1 43 1 61 0 61 0 75 0 76 0 75 0 76 0 76 0 76 0 76 0 76 0 77 0 61 0 77 0 61 0 61 0 61 0 61 0 61 0 75 0 76 0 75 0 76 0 76 0 76 0 76 0 76 0 77 0 61 0 77 0 61 0 61 0 61 0 61 0 61 0 75 0 76 0 75 0 76 0 76 0 76 0 76 0 76 0 77 0 61 0 77 0 61 0 61 0 61 0 61 0 61 0 75 0 76 0 75 0 76 0 76 0 76 0 76 0 76 0 77 0 61 0 77 0 61 0 61 0 61 0 61 0 61 0 	0	1	1 0 0 0 0 	0 1 2 2 2 
62 64 1 68 1 61 0 62 0 68 1 68 1 62 0 62 0 64 1 68 1 61 0 62 0 68 1 68 1 62 0 62 0 35 1 36 1 61 0 62 0 36 1 36 1 62 0 62 0 35 1 36 1 61 0 62 0 36 1 36 1 62 0 62 0 43 1 44 1 61 0 62 0 44 1 44 1 62 0 62 0 43 1 44 1 61 0 62 0 44 1 44 1 62 0 62 0 43 1 44 1 61 0 62 0 44 1 44 1 62 0 62 0 43 1 44 1 61 0 62 0 44 1 44 1 62 0 62 0 61 0 62 0 61 0 62 0 62 0 62 0 62 0 62 0 61 0 62 0 61 0 62 0 62 0 62 0 62 0 62 0 61 0 62 0 61 0 62 0 62 0 62 0 62 0 62 0 61 0 62 0 61 0 62 0 62 0 62 0 62 0 62 0 61 0 62 0 61 0 62 0 62 0 62 0 62 0 62 0 61 0 62 0 61 0 62 0 62 0 62 0 62 0 62 0 61 0 62 0 61 0 62 0 62 0 62 0 62 0 62 0 61 0 62 0 61 0 62 0 62 0 62 0 62 0 62 0 	0	1	1 0 0 0 0 	0 1 2 2 1 
63 67 1 35 1 77 0 61 0 35 1 35 1 61 0 61 0 37 1 37 1 63 0 63 0 37 1 37 1 63 0 63 0 67 1 35 1 77 0 61 0 35 1 35 1 61 0 61 0 37 1 37 1 63 0 63 0 37 1 37 1 63 0 63 0 72 1 43 1 77 0 61 0 43 1 43 1 61 0 61 0 45 1 45 1 63 0 63 0 45 1 45 1 63 0 63 0 72 1 43 1 77 0 61 0 43 1 43 1 61 0 61 0 45 1 45 1 63 0 63 0 45 1 45 1 63 0 63 0 77 0 61 0 77 0 61 0 61 0 61 0 61 0 61 0 63 0 63 0 63 0 63 0 63 0 63 0 63 0 63 0 77 0 61 0 77 0 61 0 61 0 61 0 61 0 61 0 63 0 63 0 63 0 63 0 63 0 63 0 63 0 63 0 77 0 61 0 77 0 61 0 61 0 61 0 61 0 61 0 63 0 63 0 63 0 63 0 63 0 63 0 63 0 63 0 77 0 61 0 77 0 61 0 61 0 61 0 61 0 61 0 63 0 63 0 63 0 63 0 63 0 63 0 63 0 63 0 	0	1	1 0 0 0 0 	0 1 2 1 2 
64 35 1 36 1 61 0 62 0 36 1 36 1 62 0 62 0 37 1 38 1 63 0 64 0 38 1 38 1 64 0 64 0 35 1 36 1 61 0 62 0 36 1 36 1 62 0 62 0 37 1 38 1 63 0 64 0 38 1 38 1 64 0 64 0 43 1 44 1 61 0 62 0 44 1 44 1 62 0 62 0 45 1 46 1 63 0 64 0 46 1 46 1 64 0 64 0 43 1 44 1 61 0 62 0 44 1 44 1 62 0 62 0 45 1 46 1 63 0 64 0 46 1 46 1 64 0 64 0 61 0 62 0 61 0 62 0 62 0 62 0 62 0 62 0 63 0 64 0 63 0 64 0 64 0 64 0 64 0 64 0 61 0 62 0 61 0 62 0 62 0 62 0 62 0 62 0 63 0 64 0 63 0 64 0 64 0 64 0 64 0 64 0 61 0 62 0 61 0 62 0 62 0 62 0 62 0 62 0 63 0 64 0 63 0 64 0 64 0 64 0 64 0 64 0 61 0 62 0 61 0 62 0 62 0 62 0 62 0 62 0 63 0 64 0 63 0 64 0 64 0 64 0 64 0 64 0 	0	1	1 0 0 0 0 	0 1 2 1 1 
65 65 1 66 1 75 0 76 0 66 1 66 1 76 0 76 0 67 1 35 1 77 0 61 0 35 1 35 1 61 0 61 0 69 1 39 1 78 0 65 0 39 1 39 1 65 0 65 0 69 1 39 1 78 0 65 0 39 1 39 1 65 0 65 0 70 1 71 1 75 0 76 0 71 1 71 1 76 0 76 0 72 1 43 1 77 0 61 0 43 1 43 1 61 0 61 0 73 1 47 1 78 0 65 0 47 1 47 1 65 0 65 0 73 1 47 1 78 0 65 0 47 1 47 1 65 0 65 0 75 0 76 0 75 0 76 0 76 0 76 0 76 0 76 0 77 0 61 0 77 0 61 0 61 0 61 0 61 0 61 0 78 0 65 0 78 0 65 0 65 0 65 0 65 0 65 0 78 0 65 0 78 0 65 0 65 0 65 0 65 0 65 0 75 0 76 0 75 0 76 0 76 0 76 0 76 0 76 0 77 0 61 0 77 0 61 0 61 0 61 0 61 0 61 0 78 0 65 0 78 0 65 0 65 0 65 0 65 0 65 0 78 0 65 0 78 0 65 0 65 0 65 0 65 0 65 0 	0	1	1 0 0 0 0 	0 1 1 2 2 
66 35 1 36 1 61 0 62 0 36 1 36 1 62 0 62 0 35 1 36 1 61 0 62 0 36 1 36 1 62 0 62 0 39 1 40 1 65 0 66 0 40 1 40 1 66 0 66 0 39 1 40 1 65 0 66 0 40 1 40 1 66 0 66 0 43 1 44 1 61 0 62 0 44 1 44 1 62 0 62 0 43 1 44 1 61 0 62 0 44 1 44 1 62 0 62 0 47 1 48 1 65 0 66 0 48 1 48 1 66 0 66 0 47 1 48 1 65 0 66 0 48 1 48 1 66 0 66 0 61 0 62 0 61 0 62 0 62 0 62 0 62 0 62 0 61 0 62 0 61 0 62 0 62 0 62 0 62 0 62 0 65 0 66 0 65 0 66 0 66 0 66 0 66 0 66 0 65 0 66 0 65 0 66 0 66 0 66 0 66 0 66 0 61 0 62 0 61 0 62 0 62 0 62 0 62 0 62 0 61 0 62 0 61 0 62 0 62 0 62 0 62 0 62 0 65 0 66 0 65 0 66 0 66 0 66 0 66 0 66 0 65 0 66 0 65 0 66 0 66 0 66 0 66 0 66 0 	0	1	1 0 0 0 0 	0 1 1 2 1 
67 67 1 35 1 77 0 61 0 35 1 35 1 61 0 61 0 37 1 37 1 63 0 63 0 37 1 37 1 63 0 63 0 69 1 39 1 78 0 65 0 39 1 39 1 65 0 65 0 41 1 41 1 67 0 67 0 41 1 41 1 67 0 67 0 72 1 43 1 77 0 61 0 43 1 43 1 61 0 61 0 45 1 45 1 63 0 63 0 45 1 45 1 63 0 63 0 73 1 47 1 78 0 65 0 47 1 47 1 65 0 65 0 49 1 49 1 67 0 67 0 49 1 49 1 67 0 67 0 77 0 61 0 77 0 61 0 61 0 61 0 61 0 61 0 63 0 63 0 63 0 63 0 63 0 63 0 63 0 63 0 78 0 65 0 78 0 65 0 65 0 65 0 65 0 65 0 67 0 67 0 67 0 67 0 67 0 67 0 67 0 67 0 77 0 61 0 77 0 61 0 61 0 61 0 61 0 61 0 63 0 63 0 63 0 63 0 63 0 63 0 63 0 63 0 78 0 65 0 78 0 65 0 65 0 65 0 65 0 65 0 67 0 67 0 67 0 67 0 67 0 67 0 67 0 67 0 	0	1	1 0 0 0 0 	0 1 1 1 2 
68 38 1 50 0 64 0 68 0 50 0 50 0 68 0 68 0 38 1 50 0 64 0 68 0 50 0 50 0 68 0 68 0 38 1 50 0 64 0 68 0 50 0 50 0 68 0 68 0 38 1 50 0 64 0 68 0 50 0 50 0 68 0 68 0 46 1 52 0 64 0 68 0 52 0 52 0 68 0 68 0 46 1 52 0 64 0 68 0 52 0 52 0 68 0 68 0 46 1 52 0 64 0 68 0 52 0 52 0 68 0 68 0 46 1 52 0 64 0 68 0 52 0 52 0 68 0 68 0 64 0 68 0 64 0 68 0 68 0 68 0 68 0 68 0 64 0 68 0 64 0 68 0 68 0 68 0 68 0 68 0 64 0 68 0 64 0 68 0 68 0 68 0 68 0 68 0 64 0 68 0 64 0 68 0 68 0 68 0 68 0 68 0 64 0 68 0 64 0 68 0 68 0 68 0 68 0 68 0 64 0 68 0 64 0 68 0 68 0 68 0 68 0 68 0 64 0 68 0 64 0 68 0 68 0 68 0 68 0 68 0 64 0 68 0 64 0 68 0 68 0 68 0 68 0 68 0 	0	2	1 5 0 0 0 	0 1 2 1 0 
69 73 1 47 1 78 0 65 0 47 1 47 1 65 0 65 0 49 1 49 1 67 0 67 0 49 1 49 1 67 0 67 0 55 0 55 0 69 0 69 0 55 0 55 0 69 0 69 0 55 0 55 0 69 0 69 0 55 0 55 0 69 0 69 0 73 1 47 1 78 0 65 0 47 1 47 1 65 0 65 0 49 1 49 1 67 0 67 0 49 1 49 1 67 0 67 0 55 0 55 0 69 0 69 0 55 0 55 0 69 0 69 0 55 0 55 0 69 0 69 0 55 0 55 0 69 0 69 0 78 0 65 0 78 0 65 0 65 0 65 0 65 0 65 0 67 0 67 0 67 0 67 0 67 0 67 0 67 0 67 0 69 0 69 0 69 0 69 0 69 0 69 0 69 0 69 0 69 0 69 0 69 0 69 0 69 0 69 0 69 0 69 0 78 0 65 0 78 0 65 0 65 0 65 0 65 0 65 0 67 0 67 0 67 0 67 0 67 0 67 0 67 0 67 0 69 0 69 0 69 0 69 0 69 0 69 0 69 0 69 0 69 0 69 0 69 0 69 0 69 0 69 0 69 0 69 0 	0	2	1 3 0 0 0 	0 1 0 1 2 
70 70 1 71 1 75 0 76 0 71 1 71 1 76 0 76 0 72 1 43 1 77 0 61 0 43 1 43 1 61 0 61 0 73 1 47 1 78 0 65 0 47 1 47 1 65 0 65 0 73 1 47 1 78 0 65 0 47 1 47 1 65 0 65 0 74 0 56 0 79 0 70 0 56 0 56 0 70 0 70 0 74 0 56 0 79 0 70 0 56 0 56 0 70 0 70 0 74 0 56 0 79 0 70 0 56 0 56 0 70 0 70 0 74 0 56 0 79 0 70 0 56 0 56 0 70 0 70 0 75 0 76 0 75 0 76 0 76 0 76 0 76 0 76 0 77 0 61 0 77 0 61 0 61 0 61 0 61 0 61 0 78 0 65 0 78 0 65 0 65 0 65 0 65 0 65 0 78 0 65 0 78 0 65 0 65 0 65 0 65 0 65 0 79 0 70 0 79 0 70 0 70 0 70 0 70 0 70 0 79 0 70 0 79 0 70 0 70 0 70 0 70 0 70 0 79 0 70 0 79 0 70 0 70 0 70 0 70 0 70 0 79 0 70 0 79 0 70 0 70 0 70 0 70 0 70 0 	0	2	1 2 0 0 0 	0 0 1 2 2 
71 43 1 44 1 61 0 62 0 44 1 44 1 62 0 62 0 43 1 44 1 61 0 62 0 44 1 44 1 62 0 62 0 47 1 48 1 65 0 66 0 48 1 48 1 66 0 66 0 47 1 48 1 65 0 66 0 48 1 48 1 66 0 66 0 56 0 57 0 70 0 71 0 57 0 57 0 71 0 71 0 56 0 57 0 70 0 71 0 57 0 57 0 71 0 71 0 56 0 57 0 70 0 71 0 57 0 57 0 71 0 71 0 56 0 57 0 70 0 71 0 57 0 57 0 71 0 71 0 61 0 62 0 61 0 62 0 62 0 62 0 62 0 62 0 61 0 62 0 61 0 62 0 62 0 62 0 62 0 62 0 65 0 66 0 65 0 66 0 66 0 66 0 66 0 66 0 65 0 66 0 65 0 66 0 66 0 66 0 66 0 66 0 70 0 71 0 70 0 71 0 71 0 71 0 71 0 71 0 70 0 71 0 70 0 71 0 71 0 71 0 71 0 71 0 70 0 71 0 70 0 71 0 71 0 71 0 71 0 71 0 70 0 71 0 70 0 71 0 71 0 71 0 71 0 71 0 	0	2	1 2 0 0 0 	0 0 1 2 1 
72 72 1 43 1 77 0 61 0 43 1 43 1 61 0 61 0 45 1 45 1 63 0 63 0 45 1 45 1 63 0 63 0 73 1 47 1 78 0 65 0 47 1 47 1 65 0 65 0 49 1 49 1 67 0 67 0 49 1 49 1 67 0 67 0 74 0 56 0 79 0 70 0 56 0 56 0 70 0 70 0 58 0 58 0 72 0 72 0 58 0 58 0 72 0 72 0 74 0 56 0 79 0 70 0 56 0 56 0 70 0 70 0 58 0 58 0 72 0 72 0 58 0 58 0 72 0 72 0 77 0 61 0 77 0 61 0 61 0 61 0 61 0 61 0 63 0 63 0 63 0 63 0 63 0 63 0 63 0 63 0 78 0 65 0 78 0 65 0 65 0 65 0 65 0 65 0 67 0 67 0 67 0 67 0 67 0 67 0 67 0 67 0 79 0 70 0 79 0 70 0 70 0 70 0 70 0 70 0 72 0 72 0 72 0 72 0 72 0 72 0 72 0 72 0 79 0 70 0 79 0 70 0 70 0 70 0 70 0 70 0 72 0 72 0 72 0 72 0 72 0 72 0 72 0 72 0 	0	2	1 2 0 0 0 	0 0 1 1 2 
73 73 1 47 1 78 0 65 0 47 1 47 1 65 0 65 0 49 1 49 1 67 0 67 0 49 1 49 1 67 0 67 0 55 0 55 0 69 0 69 0 55 0 55 0 69 0 69 0 55 0 55 0 69 0 69 0 55 0 55 0 69 0 69 0 74 0 56 0 79 0 70 0 56 0 56 0 70 0 70 0 58 0 58 0 72 0 72 0 58 0 58 0 72 0 72 0 59 0 59 0 73 0 73 0 59 0 59 0 73 0 73 0 59 0 59 0 73 0 73 0 59 0 59 0 73 0 73 0 78 0 65 0 78 0 65 0 65 0 65 0 65 0 65 0 67 0 67 0 67 0 67 0 67 0 67 0 67 0 67 0 69 0 69 0 69 0 69 0 69 0 69 0 69 0 69 0 69 0 69 0 69 0 69 0 69 0 69 0 69 0 69 0 79 0 70 0 79 0 70 0 70 0 70 0 70 0 70 0 72 0 72 0 72 0 72 0 72 0 72 0 72 0 72 0 73 0 73 0 73 0 73 0 73 0 73 0 73 0 73 0 73 0 73 0 73 0 73 0 73 0 73 0 73 0 73 0 	0	3	1 2 3 0 0 	0 0 0 1 2 
74 79 1 70 1 79 1 70 1 70 1 70 1 70 1 70 1 72 1 72 1 72 1 72 1 72 1 72 1 72 1 72 1 73 1 73 1 73 1 73 1 73 1 73 1 73 1 73 1 73 1 73 1 73 1 73 1 73 1 73 1 73 1 73 1 74 0 74 0 74 0 74 0 74 0 74 0 74 0 74 0 74 0 74 0 74 0 74 0 74 0 74 0 74 0 74 0 74 0 74 0 74 0 74 0 74 0 74 0 74 0 74 0 74 0 74 0 74 0 74 0 74 0 74 0 74 0 74 0 79 1 70 1 79 1 70 1 70 1 70 1 70 1 70 1 72 1 72 1 72 1 72 1 72 1 72 1 72 1 72 1 73 1 73 1 73 1 73 1 73 1 73 1 73 1 73 1 73 1 73 1 73 1 73 1 73 1 73 1 73 1 73 1 74 0 74 0 74 0 74 0 74 0 74 0 74 0 74 0 74 0 74 0 74 0 74 0 74 0 74 0 74 0 74 0 74 0 74 0 74 0 74 0 74 0 74 0 74 0 74 0 74 0 74 0 74 0 74 0 74 0 74 0 74 0 74 0 	0	1	2 0 0 0 0 	1 0 1 2 3 
75 75 1 76 1 80 0 75 0 76 1 76 1 75 0 75 0 77 1 61 1 80 0 75 0 61 1 61 1 75 0 75 0 78 1 65 1 80 0 75 0 65 1 65 1 75 0 75 0 78 1 65 1 80 0 75 0 65 1 65 1 75 0 75 0 79 1 70 1 80 0 75 0 70 1 70 1 75 0 75 0 79 1 70 1 80 0 75 0 70 1 70 1 75 0 75 0 79 1 70 1 80 0 75 0 70 1 70 1 75 0 75 0 79 1 70 1 80 0 75 0 70 1 70 1 75 0 75 0 80 0 75 0 80 0 75 0 75 0 75 0 75 0 75 0 80 0 75 0 80 0 75 0 75 0 75 0 75 0 75 0 80 0 75 0 80 0 75 0 75 0 75 0 75 0 75 0 80 0 75 0 80 0 75 0 75 0 75 0 75 0 75 0 80 0 75 0 80 0 75 0 75 0 75 0 75 0 75 0 80 0 75 0 80 0 75 0 75 0 75 0 75 0 75 0 80 0 75 0 80 0 75 0 75 0 75 0 75 0 75 0 80 0 75 0 80 0 75 0 75 0 75 0 75 0 75 0 	0	1	1 0 0 0 0 	0 1 2 3 3 
76 61 1 62 1 75 0 76 0 62 1 62 1 76 0 76 0 61 1 62 1 75 0 76 0 62 1 62 1 76 0 76 0 65 1 66 1 75 0 76 0 66 1 66 1 76 0 76 0 65 1 66 1 75 0 76 0 66 1 66 1 76 0 76 0 70 1 71 1 75 0 76 0 71 1 71 1 76 0 76 0 70 1 71 1 75 0 76 0 71 1 71 1 76 0 76 0 70 1 71 1 75 0 76 0 71 1 71 1 76 0 76 0 70 1 71 1 75 0 76 0 71 1 71 1 76 0 76 0 75 0 76 0 75 0 76 0 76 0 76 0 76 0 76 0 75 0 76 0 75 0 76 0 76 0 76 0 76 0 76 0 75 0 76 0 75 0 76 0 76 0 76 0 76 0 76 0 75 0 76 0 75 0 76 0 76 0 76 0 76 0 76 0 75 0 76 0 75 0 76 0 76 0 76 0 76 0 76 0 75 0 76 0 75 0 76 0 76 0 76 0 76 0 76 0 75 0 76 0 75 0 76 0 76 0 76 0 76 0 76 0 75 0 76 0 75 0 76 0 76 0 76 0 76 0 76 0 	0	1	1 0 0 0 0 	0 1 2 3 2 
77 77 1 61 1 80 0 75 0 61 1 61 1 75 0 75 0 63 1 63 1 77 0 77 0 63 1 63 1 77 0 77 0 78 1 65 1 80 0 75 0 65 1 65 1 75 0 75 0 67 1 67 1 77 0 77 0 67 1 67 1 77 0 77 0 79 1 70 1 80 0 75 0 70 1 70 1 75 0 75 0 72 1 72 1 77 0 77 0 72 1 72 1 77 0 77 0 79 1 70 1 80 0 75 0 70 1 70 1 75 0 75 0 72 1 72 1 77 0 77 0 72 1 72 1 77 0 77 0 80 0 75 0 80 0 75 0 75 0 75 0 75 0 75 0 77 0 77 0 77 0 77 0 77 0 77 0 77 0 77 0 80 0 75 0 80 0 75 0 75 0 75 0 75 0 75 0 77 0 77 0 77 0 77 0 77 0 77 0 77 0 77 0 80 0 75 0 80 0 75 0 75 0 75 0 75 0 75 0 77 0 77 0 77 0 77 0 77 0 77 0 77 0 77 0 80 0 75 0 80 0 75 0 75 0 75 0 75 0 75 0 77 0 77 0 77 0 77 0 77 0 77 0 77 0 77 0 	0	1	1 0 0 0 0 	0 1 2 2 3 
78 78 1 65 1 80 0 75 0 65 1 65 1 75 0 75 0 67 1 67 1 77 0 77 0 67 1 67 1 77 0 77 0 69 1 69 1 78 0 78 0 69 1 69 1 78 0 78 0 69 1 69 1 78 0 78 0 69 1 69 1 78 0 78 0 79 1 70 1 80 0 75 0 70 1 70 1 75 0 75 0 72 1 72 1 77 0 77 0 72 1 72 1 77 0 77 0 73 1 73 1 78 0 78 0 73 1 73 1 78 0 78 0 73 1 73 1 78 0 78 0 73 1 73 1 78 0 78 0 80 0 75 0 80 0 75 0 75 0 75 0 75 0 75 0 77 0 77 0 77 0 77 0 77 0 77 0 77 0 77 0 78 0 78 0 78 0 78 0 78 0 78 0 78 0 78 0 78 0 78 0 78 0 78 0 78 0 78 0 78 0 78 0 80 0 75 0 80 0 75 0 75 0 75 0 75 0 75 0 77 0 77 0 77 0 77 0 77 0 77 0 77 0 77 0 78 0 78 0 78 0 78 0 78 0 78 0 78 0 78 0 78 0 78 0 78 0 78 0 78 0 78 0 78 0 78 0 	0	1	1 0 0 0 0 	0 1 1 2 3 
79 79 1 70 1 80 0 75 0 70 1 70 1 75 0 75 0 72 1 72 1 77 0 77 0 72 1 72 1 77 0 77 0 73 1 73 1 78 0 78 0 73 1 73 1 78 0 78 0 73 1 73 1 78 0 78 0 73 1 73 1 78 0 78 0 74 0 74 0 79 0 79 0 74 0 74 0 79 0 79 0 74 0 74 0 79 0 79 0 74 0 74 0 79 0 79 0 74 0 74 0 79 0 79 0 74 0 74 0 79 0 79 0 74 0 74 0 79 0 79 0 74 0 74 0 79 0 79 0 80 0 75 0 80 0 75 0 75 0 75 0 75 0 75 0 77 0 77 0 77 0 77 0 77 0 77 0 77 0 77 0 78 0 78 0 78 0 78 0 78 0 78 0 78 0 78 0 78 0 78 0 78 0 78 0 78 0 78 0 78 0 78 0 79 0 79 0 79 0 79 0 79 0 79 0 79 0 79 0 79 0 79 0 79 0 79 0 79 0 79 0 79 0 79 0 79 0 79 0 79 0 79 0 79 0 79 0 79 0 79 0 79 0 79 0 79 0 79 0 79 0 79 0 79 0 79 0 	0	2	1 2 0 0 0 	0 0 1 2 3 
80 80 1 75 1 80 0 80 0 75 1 75 1 80 0 80 0 77 1 77 1 80 0 80 0 77 1 77 1 80 0 80 0 78 1 78 1 80 0 80 0 78 1 78 1 80 0 80 0 78 1 78 1 80 0 80 0 78 1 78 1 80 0 80 0 79 1 79 1 80 0 80 0 79 1 79 1 80 0 80 0 79 1 79 1 80 0 80 0 79 1 79 1 80 0 80 0 79 1 79 1 80 0 80 0 79 1 79 1 80 0 80 0 79 1 79 1 80 0 80 0 79 1 79 1 80 0 80 0 80 0 80 0 80 0 80 0 80 0 80 0 80 0 80 0 80 0 80 0 80 0 80 0 80 0 80 0 80 0 80 0 80 0 80 0 80 0 80 0 80 0 80 0 80 0 80 0 80 0 80 0 80 0 80 0 80 0 80 0 80 0 80 0 80 0 80 0 80 0 80 0 80 0 80 0 80 0 80 0 80 0 80 0 80 0 80 0 80 0 80 0 80 0 80 0 80 0 80 0 80 0 80 0 80 0 80 0 80 0 80 0 80 0 80 0 80 0 80 0 80 0 80 0 80 0 80 0 	0	1	1 0 0 0 0 	0 1 2 3 4 
