5 5 32 81
0 1 1 2 1 1 1 2 1 2 1 2 1 2 1 2 1 3 1 3 1 3 1 3 1 3 1 3 1 3 1 3 1 0 0 0 0 0 0 0 0 0 0 0 0 0 0 0 0 0 0 0 0 0 0 0 0 0 0 0 0 0 0 0 0 1 1 2 1 1 1 2 1 2 1 2 1 2 1 2 1 3 1 3 1 3 1 3 1 3 1 3 1 3 1 3 1 0 0 0 0 0 0 0 0 0 0 0 0 0 0 0 0 0 0 0 0 0 0 0 0 0 0 0 0 0 0 0 0 1 1 2 1 1 1 2 1 2 1 2 1 2 1 2 1 3 1 3 1 3 1 3 1 3 1 3 1 3 1 3 1 0 0 0 0 0 0 0 0 0 0 0 0 0 0 0 0 0 0 0 0 0 0 0 0 0 0 0 0 0 0 0 0 1 1 2 1 1 1 2 1 2 1 2 1 2 1 2 1 3 1 3 1 3 1 3 1 3 1 3 1 3 1 3 1 0 0 0 0 0 0 0 0 0 0 0 0 0 0 0 0 0 0 0 0 0 0 0 0 0 0 0 0 0 0 0 0 	0	1	3 0 0 0 0 	2 1 0 1 2 
1 4 1 5 1 4 1 5 1 5 1 5 1 5 1 5 1 6 1 6 1 6 1 6 1 6 1 6 1 6 1 6 1 7 0 7 0 7 0 7 0 7 0 7 0 7 0 7 0 7 0 7 0 7 0 7 0 7 0 7 0 7 0 7 0 8 0 9 0 8 0 9 0 9 0 9 0 9 0 9 0 10 0 10 0 10 0 10 0 10 0 10 0 10 0 10 0 1 0 1 0 1 0 1 0 1 0 1 0 1 0 1 0 1 0 1 0 1 0 1 0 1 0 1 0 1 0 1 0 4 1 5 1 4 1 5 1 5 1 5 1 5 1 5 1 6 1 6 1 6 1 6 1 6 1 6 1 6 1 6 1 7 0 7 0 7 0 7 0 7 0 7 0 7 0 7 0 7 0 7 0 7 0 7 0 7 0 7 0 7 0 7 0 8 0 9 0 8 0 9 0 9 0 9 0 9 0 9 0 10 0 10 0 10 0 10 0 10 0 10 0 10 0 10 0 1 0 1 0 1 0 1 0 1 0 1 0 1 0 1 0 1 0 1 0 1 0 1 0 1 0 1 0 1 0 1 0 	0	2	2 3 0 0 0 	1 0 0 1 2 
2 5 1 11 1 5 1 11 1 11 1 11 1 11 1 11 1 6 1 12 1 6 1 12 1 12 1 12 1 12 1 12 1 7 0 13 0 7 0 13 0 13 0 13 0 13 0 13 0 7 0 13 0 7 0 13 0 13 0 13 0 13 0 13 0 9 0 14 0 9 0 14 0 14 0 14 0 14 0 14 0 10 0 15 0 10 0 15 0 15 0 15 0 15 0 15 0 1 0 2 0 1 0 2 0 2 0 2 0 2 0 2 0 1 0 2 0 1 0 2 0 2 0 2 0 2 0 2 0 5 1 11 1 5 1 11 1 11 1 11 1 11 1 11 1 6 1 12 1 6 1 12 1 12 1 12 1 12 1 12 1 7 0 13 0 7 0 13 0 13 0 13 0 13 0 13 0 7 0 13 0 7 0 13 0 13 0 13 0 13 0 13 0 9 0 14 0 9 0 14 0 14 0 14 0 14 0 14 0 10 0 15 0 10 0 15 0 15 0 15 0 15 0 15 0 1 0 2 0 1 0 2 0 2 0 2 0 2 0 2 0 1 0 2 0 1 0 2 0 2 0 2 0 2 0 2 0 	0	2	2 3 0 0 0 	1 0 0 1 1 
3 6 1 12 1 6 1 12 1 12 1 12 1 12 1 12 1 16 0 16 0 16 0 16 0 16 0 16 0 16 0 16 0 7 0 13 0 7 0 13 0 13 0 13 0 13 0 13 0 17 0 17 0 17 0 17 0 17 0 17 0 17 0 17 0 10 0 15 0 10 0 15 0 15 0 15 0 15 0 15 0 18 0 18 0 18 0 18 0 18 0 18 0 18 0 18 0 1 0 2 0 1 0 2 0 2 0 2 0 2 0 2 0 3 0 3 0 3 0 3 0 3 0 3 0 3 0 3 0 6 1 12 1 6 1 12 1 12 1 12 1 12 1 12 1 16 0 16 0 16 0 16 0 16 0 16 0 16 0 16 0 7 0 13 0 7 0 13 0 13 0 13 0 13 0 13 0 17 0 17 0 17 0 17 0 17 0 17 0 17 0 17 0 10 0 15 0 10 0 15 0 15 0 15 0 15 0 15 0 18 0 18 0 18 0 18 0 18 0 18 0 18 0 18 0 1 0 2 0 1 0 2 0 2 0 2 0 2 0 2 0 3 0 3 0 3 0 3 0 3 0 3 0 3 0 3 0 	0	3	2 3 4 0 0 	1 0 0 0 1 
4 4 1 5 1 19 0 20 0 5 1 5 1 20 0 20 0 6 1 6 1 21 0 21 0 6 1 6 1 21 0 21 0 7 0 7 0 22 0 22 0 7 0 7 0 22 0 22 0 7 0 7 0 22 0 22 0 7 0 7 0 22 0 22 0 8 0 9 0 23 0 24 0 9 0 9 0 24 0 24 0 10 0 10 0 25 0 25 0 10 0 10 0 25 0 25 0 1 0 1 0 4 0 4 0 1 0 1 0 4 0 4 0 1 0 1 0 4 0 4 0 1 0 1 0 4 0 4 0 19 0 20 0 19 0 20 0 20 0 20 0 20 0 20 0 21 0 21 0 21 0 21 0 21 0 21 0 21 0 21 0 22 0 22 0 22 0 22 0 22 0 22 0 22 0 22 0 22 0 22 0 22 0 22 0 22 0 22 0 22 0 22 0 23 0 24 0 23 0 24 0 24 0 24 0 24 0 24 0 25 0 25 0 25 0 25 0 25 0 25 0 25 0 25 0 4 0 4 0 4 0 4 0 4 0 4 0 4 0 4 0 4 0 4 0 4 0 4 0 4 0 4 0 4 0 4 0 	0	3	1 2 3 0 0 	0 0 0 1 2 
5 5 1 11 1 20 0 26 0 11 1 11 1 26 0 26 0 6 1 12 1 21 0 27 0 12 1 12 1 27 0 27 0 7 0 13 0 22 0 28 0 13 0 13 0 28 0 28 0 7 0 13 0 22 0 28 0 13 0 13 0 28 0 28 0 9 0 14 0 24 0 29 0 14 0 14 0 29 0 29 0 10 0 15 0 25 0 30 0 15 0 15 0 30 0 30 0 1 0 2 0 4 0 5 0 2 0 2 0 5 0 5 0 1 0 2 0 4 0 5 0 2 0 2 0 5 0 5 0 20 0 26 0 20 0 26 0 26 0 26 0 26 0 26 0 21 0 27 0 21 0 27 0 27 0 27 0 27 0 27 0 22 0 28 0 22 0 28 0 28 0 28 0 28 0 28 0 22 0 28 0 22 0 28 0 28 0 28 0 28 0 28 0 24 0 29 0 24 0 29 0 29 0 29 0 29 0 29 0 25 0 30 0 25 0 30 0 30 0 30 0 30 0 30 0 4 0 5 0 4 0 5 0 5 0 5 0 5 0 5 0 4 0 5 0 4 0 5 0 5 0 5 0 5 0 5 0 	0	3	1 2 3 0 0 	0 0 0 1 1 
6 6 1 12 1 21 0 27 0 12 1 12 1 27 0 27 0 16 0 16 0 31 0 31 0 16 0 16 0 31 0 31 0 7 0 13 0 22 0 28 0 13 0 13 0 28 0 28 0 17 0 17 0 32 0 32 0 17 0 17 0 32 0 32 0 10 0 15 0 25 0 30 0 15 0 15 0 30 0 30 0 18 0 18 0 33 0 33 0 18 0 18 0 33 0 33 0 1 0 2 0 4 0 5 0 2 0 2 0 5 0 5 0 3 0 3 0 6 0 6 0 3 0 3 0 6 0 6 0 21 0 27 0 21 0 27 0 27 0 27 0 27 0 27 0 31 0 31 0 31 0 31 0 31 0 31 0 31 0 31 0 22 0 28 0 22 0 28 0 28 0 28 0 28 0 28 0 32 0 32 0 32 0 32 0 32 0 32 0 32 0 32 0 25 0 30 0 25 0 30 0 30 0 30 0 30 0 30 0 33 0 33 0 33 0 33 0 33 0 33 0 33 0 33 0 4 0 5 0 4 0 5 0 5 0 5 0 5 0 5 0 6 0 6 0 6 0 6 0 6 0 6 0 6 0 6 0 	0	4	1 2 3 4 0 	0 0 0 0 1 
7 1 1 2 1 4 1 5 1 2 1 2 1 5 1 5 1 3 1 3 1 6 1 6 1 3 1 3 1 6 1 6 1 0 0 0 0 7 0 7 0 0 0 0 0 7 0 7 0 0 0 0 0 7 0 7 0 0 0 0 0 7 0 7 0 1 1 2 1 4 1 5 1 2 1 2 1 5 1 5 1 3 1 3 1 6 1 6 1 3 1 3 1 6 1 6 1 0 0 0 0 7 0 7 0 0 0 0 0 7 0 7 0 0 0 0 0 7 0 7 0 0 0 0 0 7 0 7 0 4 1 5 1 4 1 5 1 5 1 5 1 5 1 5 1 6 1 6 1 6 1 6 1 6 1 6 1 6 1 6 1 7 0 7 0 7 0 7 0 7 0 7 0 7 0 7 0 7 0 7 0 7 0 7 0 7 0 7 0 7 0 7 0 4 1 5 1 4 1 5 1 5 1 5 1 5 1 5 1 6 1 6 1 6 1 6 1 6 1 6 1 6 1 6 1 7 0 7 0 7 0 7 0 7 0 7 0 7 0 7 0 7 0 7 0 7 0 7 0 7 0 7 0 7 0 7 0 	0	1	3 0 0 0 0 	1 1 0 1 2 
8 23 1 24 1 23 1 24 1 24 1 24 1 24 1 24 1 25 1 25 1 25 1 25 1 25 1 25 1 25 1 25 1 4 1 4 1 4 1 4 1 4 1 4 1 4 1 4 1 4 1 4 1 4 1 4 1 4 1 4 1 4 1 4 1 8 0 8 0 8 0 8 0 8 0 8 0 8 0 8 0 8 0 8 0 8 0 8 0 8 0 8 0 8 0 8 0 8 0 8 0 8 0 8 0 8 0 8 0 8 0 8 0 8 0 8 0 8 0 8 0 8 0 8 0 8 0 8 0 23 1 24 1 23 1 24 1 24 1 24 1 24 1 24 1 25 1 25 1 25 1 25 1 25 1 25 1 25 1 25 1 4 1 4 1 4 1 4 1 4 1 4 1 4 1 4 1 4 1 4 1 4 1 4 1 4 1 4 1 4 1 4 1 8 0 8 0 8 0 8 0 8 0 8 0 8 0 8 0 8 0 8 0 8 0 8 0 8 0 8 0 8 0 8 0 8 0 8 0 8 0 8 0 8 0 8 0 8 0 8 0 8 0 8 0 8 0 8 0 8 0 8 0 8 0 8 0 	0	1	2 0 0 0 0 	1 0 1 2 3 
9 24 1 29 1 24 1 29 1 29 1 29 1 29 1 29 1 25 1 30 1 25 1 30 1 30 1 30 1 30 1 30 1 4 1 5 1 4 1 5 1 5 1 5 1 5 1 5 1 4 1 5 1 4 1 5 1 5 1 5 1 5 1 5 1 8 0 9 0 8 0 9 0 9 0 9 0 9 0 9 0 8 0 9 0 8 0 9 0 9 0 9 0 9 0 9 0 8 0 9 0 8 0 9 0 9 0 9 0 9 0 9 0 8 0 9 0 8 0 9 0 9 0 9 0 9 0 9 0 24 1 29 1 24 1 29 1 29 1 29 1 29 1 29 1 25 1 30 1 25 1 30 1 30 1 30 1 30 1 30 1 4 1 5 1 4 1 5 1 5 1 5 1 5 1 5 1 4 1 5 1 4 1 5 1 5 1 5 1 5 1 5 1 8 0 9 0 8 0 9 0 9 0 9 0 9 0 9 0 8 0 9 0 8 0 9 0 9 0 9 0 9 0 9 0 8 0 9 0 8 0 9 0 9 0 9 0 9 0 9 0 8 0 9 0 8 0 9 0 9 0 9 0 9 0 9 0 	0	1	2 0 0 0 0 	1 0 1 2 2 
10 25 1 30 1 25 1 30 1 30 1 30 1 30 1 30 1 33 1 33 1 33 1 33 1 33 1 33 1 33 1 33 1 4 1 5 1 4 1 5 1 5 1 5 1 5 1 5 1 6 1 6 1 6 1 6 1 6 1 6 1 6 1 6 1 8 0 9 0 8 0 9 0 9 0 9 0 9 0 9 0 10 0 10 0 10 0 10 0 10 0 10 0 10 0 10 0 8 0 9 0 8 0 9 0 9 0 9 0 9 0 9 0 10 0 10 0 10 0 10 0 10 0 10 0 10 0 10 0 25 1 30 1 25 1 30 1 30 1 30 1 30 1 30 1 33 1 33 1 33 1 33 1 33 1 33 1 33 1 33 1 4 1 5 1 4 1 5 1 5 1 5 1 5 1 5 1 6 1 6 1 6 1 6 1 6 1 6 1 6 1 6 1 8 0 9 0 8 0 9 0 9 0 9 0 9 0 9 0 10 0 10 0 10 0 10 0 10 0 10 0 10 0 10 0 8 0 9 0 8 0 9 0 9 0 9 0 9 0 9 0 10 0 10 0 10 0 10 0 10 0 10 0 10 0 10 0 	0	1	2 0 0 0 0 	1 0 1 1 2 
11 12 1 34 0 27 0 35 0 34 0 34 0 35 0 35 0 12 1 34 0 27 0 35 0 34 0 34 0 35 0 35 0 13 0 36 0 28 0 37 0 36 0 36 0 37 0 37 0 13 0 36 0 28 0 37 0 36 0 36 0 37 0 37 0 15 0 38 0 30 0 39 0 38 0 38 0 39 0 39 0 15 0 38 0 30 0 39 0 38 0 38 0 39 0 39 0 2 0 40 0 5 0 11 0 40 0 40 0 11 0 11 0 2 0 40 0 5 0 11 0 40 0 40 0 11 0 11 0 27 0 35 0 27 0 35 0 35 0 35 0 35 0 35 0 27 0 35 0 27 0 35 0 35 0 35 0 35 0 35 0 28 0 37 0 28 0 37 0 37 0 37 0 37 0 37 0 28 0 37 0 28 0 37 0 37 0 37 0 37 0 37 0 30 0 39 0 30 0 39 0 39 0 39 0 39 0 39 0 30 0 39 0 30 0 39 0 39 0 39 0 39 0 39 0 5 0 11 0 5 0 11 0 11 0 11 0 11 0 11 0 5 0 11 0 5 0 11 0 11 0 11 0 11 0 11 0 	0	4	1 2 3 5 0 	0 0 0 1 0 
12 12 1 34 0 27 0 35 0 34 0 34 0 35 0 35 0 16 0 41 0 31 0 42 0 41 0 41 0 42 0 42 0 13 0 36 0 28 0 37 0 36 0 36 0 37 0 37 0 17 0 43 0 32 0 44 0 43 0 43 0 44 0 44 0 15 0 38 0 30 0 39 0 38 0 38 0 39 0 39 0 18 0 45 0 33 0 46 0 45 0 45 0 46 0 46 0 2 0 40 0 5 0 11 0 40 0 40 0 11 0 11 0 3 0 47 0 6 0 12 0 47 0 47 0 12 0 12 0 27 0 35 0 27 0 35 0 35 0 35 0 35 0 35 0 31 0 42 0 31 0 42 0 42 0 42 0 42 0 42 0 28 0 37 0 28 0 37 0 37 0 37 0 37 0 37 0 32 0 44 0 32 0 44 0 44 0 44 0 44 0 44 0 30 0 39 0 30 0 39 0 39 0 39 0 39 0 39 0 33 0 46 0 33 0 46 0 46 0 46 0 46 0 46 0 5 0 11 0 5 0 11 0 11 0 11 0 11 0 11 0 6 0 12 0 6 0 12 0 12 0 12 0 12 0 12 0 	0	5	1 2 3 4 5 	0 0 0 0 0 
13 2 1 40 1 5 1 11 1 40 1 40 1 11 1 11 1 3 1 47 1 6 1 12 1 47 1 47 1 12 1 12 1 0 0 48 0 7 0 13 0 48 0 48 0 13 0 13 0 0 0 48 0 7 0 13 0 48 0 48 0 13 0 13 0 2 1 40 1 5 1 11 1 40 1 40 1 11 1 11 1 3 1 47 1 6 1 12 1 47 1 47 1 12 1 12 1 0 0 48 0 7 0 13 0 48 0 48 0 13 0 13 0 0 0 48 0 7 0 13 0 48 0 48 0 13 0 13 0 5 1 11 1 5 1 11 1 11 1 11 1 11 1 11 1 6 1 12 1 6 1 12 1 12 1 12 1 12 1 12 1 7 0 13 0 7 0 13 0 13 0 13 0 13 0 13 0 7 0 13 0 7 0 13 0 13 0 13 0 13 0 13 0 5 1 11 1 5 1 11 1 11 1 11 1 11 1 11 1 6 1 12 1 6 1 12 1 12 1 12 1 12 1 12 1 7 0 13 0 7 0 13 0 13 0 13 0 13 0 13 0 7 0 13 0 7 0 13 0 13 0 13 0 13 0 13 0 	0	1	3 0 0 0 0 	1 1 0 1 1 
14 30 1 39 1 30 1 39 1 39 1 39 1 39 1 39 1 30 1 39 1 30 1 39 1 39 1 39 1 39 1 39 1 5 1 11 1 5 1 11 1 11 1 11 1 11 1 11 1 5 1 11 1 5 1 11 1 11 1 11 1 11 1 11 1 9 0 14 0 9 0 14 0 14 0 14 0 14 0 14 0 9 0 14 0 9 0 14 0 14 0 14 0 14 0 14 0 9 0 14 0 9 0 14 0 14 0 14 0 14 0 14 0 9 0 14 0 9 0 14 0 14 0 14 0 14 0 14 0 30 1 39 1 30 1 39 1 39 1 39 1 39 1 39 1 30 1 39 1 30 1 39 1 39 1 39 1 39 1 39 1 5 1 11 1 5 1 11 1 11 1 11 1 11 1 11 1 5 1 11 1 5 1 11 1 11 1 11 1 11 1 11 1 9 0 14 0 9 0 14 0 14 0 14 0 14 0 14 0 9 0 14 0 9 0 14 0 14 0 14 0 14 0 14 0 9 0 14 0 9 0 14 0 14 0 14 0 14 0 14 0 9 0 14 0 9 0 14 0 14 0 14 0 14 0 14 0 	0	1	2 0 0 0 0 	1 0 1 2 1 
15 30 1 39 1 30 1 39 1 39 1 39 1 39 1 39 1 33 1 46 1 33 1 46 1 46 1 46 1 46 1 46 1 5 1 11 1 5 1 11 1 11 1 11 1 11 1 11 1 6 1 12 1 6 1 12 1 12 1 12 1 12 1 12 1 9 0 14 0 9 0 14 0 14 0 14 0 14 0 14 0 10 0 15 0 10 0 15 0 15 0 15 0 15 0 15 0 9 0 14 0 9 0 14 0 14 0 14 0 14 0 14 0 10 0 15 0 10 0 15 0 15 0 15 0 15 0 15 0 30 1 39 1 30 1 39 1 39 1 39 1 39 1 39 1 33 1 46 1 33 1 46 1 46 1 46 1 46 1 46 1 5 1 11 1 5 1 11 1 11 1 11 1 11 1 11 1 6 1 12 1 6 1 12 1 12 1 12 1 12 1 12 1 9 0 14 0 9 0 14 0 14 0 14 0 14 0 14 0 10 0 15 0 10 0 15 0 15 0 15 0 15 0 15 0 9 0 14 0 9 0 14 0 14 0 14 0 14 0 14 0 10 0 15 0 10 0 15 0 15 0 15 0 15 0 15 0 	0	1	2 0 0 0 0 	1 0 1 1 1 
16 17 1 43 1 32 1 44 1 43 1 43 1 44 1 44 1 49 0 49 0 50 0 50 0 49 0 49 0 50 0 50 0 17 1 43 1 32 1 44 1 43 1 43 1 44 1 44 1 49 0 49 0 50 0 50 0 49 0 49 0 50 0 50 0 3 1 47 1 6 1 12 1 47 1 47 1 12 1 12 1 51 0 51 0 16 0 16 0 51 0 51 0 16 0 16 0 3 1 47 1 6 1 12 1 47 1 47 1 12 1 12 1 51 0 51 0 16 0 16 0 51 0 51 0 16 0 16 0 32 1 44 1 32 1 44 1 44 1 44 1 44 1 44 1 50 0 50 0 50 0 50 0 50 0 50 0 50 0 50 0 32 1 44 1 32 1 44 1 44 1 44 1 44 1 44 1 50 0 50 0 50 0 50 0 50 0 50 0 50 0 50 0 6 1 12 1 6 1 12 1 12 1 12 1 12 1 12 1 16 0 16 0 16 0 16 0 16 0 16 0 16 0 16 0 6 1 12 1 6 1 12 1 12 1 12 1 12 1 12 1 16 0 16 0 16 0 16 0 16 0 16 0 16 0 16 0 	0	1	4 0 0 0 0 	1 1 1 0 1 
17 3 1 47 1 6 1 12 1 47 1 47 1 12 1 12 1 51 0 51 0 16 0 16 0 51 0 51 0 16 0 16 0 0 0 48 0 7 0 13 0 48 0 48 0 13 0 13 0 52 0 52 0 17 0 17 0 52 0 52 0 17 0 17 0 3 1 47 1 6 1 12 1 47 1 47 1 12 1 12 1 51 0 51 0 16 0 16 0 51 0 51 0 16 0 16 0 0 0 48 0 7 0 13 0 48 0 48 0 13 0 13 0 52 0 52 0 17 0 17 0 52 0 52 0 17 0 17 0 6 1 12 1 6 1 12 1 12 1 12 1 12 1 12 1 16 0 16 0 16 0 16 0 16 0 16 0 16 0 16 0 7 0 13 0 7 0 13 0 13 0 13 0 13 0 13 0 17 0 17 0 17 0 17 0 17 0 17 0 17 0 17 0 6 1 12 1 6 1 12 1 12 1 12 1 12 1 12 1 16 0 16 0 16 0 16 0 16 0 16 0 16 0 16 0 7 0 13 0 7 0 13 0 13 0 13 0 13 0 13 0 17 0 17 0 17 0 17 0 17 0 17 0 17 0 17 0 	0	2	3 4 0 0 0 	1 1 0 0 1 
18 6 1 12 1 6 1 12 1 12 1 12 1 12 1 12 1 16 0 16 0 16 0 16 0 16 0 16 0 16 0 16 0 6 1 12 1 6 1 12 1 12 1 12 1 12 1 12 1 16 0 16 0 16 0 16 0 16 0 16 0 16 0 16 0 10 0 15 0 10 0 15 0 15 0 15 0 15 0 15 0 18 0 18 0 18 0 18 0 18 0 18 0 18 0 18 0 10 0 15 0 10 0 15 0 15 0 15 0 15 0 15 0 18 0 18 0 18 0 18 0 18 0 18 0 18 0 18 0 6 1 12 1 6 1 12 1 12 1 12 1 12 1 12 1 16 0 16 0 16 0 16 0 16 0 16 0 16 0 16 0 6 1 12 1 6 1 12 1 12 1 12 1 12 1 12 1 16 0 16 0 16 0 16 0 16 0 16 0 16 0 16 0 10 0 15 0 10 0 15 0 15 0 15 0 15 0 15 0 18 0 18 0 18 0 18 0 18 0 18 0 18 0 18 0 10 0 15 0 10 0 15 0 15 0 15 0 15 0 15 0 18 0 18 0 18 0 18 0 18 0 18 0 18 0 18 0 	0	2	2 4 0 0 0 	1 0 1 0 1 
19 19 1 20 1 53 0 54 0 20 1 20 1 54 0 54 0 21 1 21 1 55 0 55 0 21 1 21 1 55 0 55 0 22 1 22 1 19 0 19 0 22 1 22 1 19 0 19 0 22 1 22 1 19 0 19 0 22 1 22 1 19 0 19 0 23 1 24 1 53 0 54 0 24 1 24 1 54 0 54 0 25 1 25 1 55 0 55 0 25 1 25 1 55 0 55 0 4 1 4 1 19 0 19 0 4 1 4 1 19 0 19 0 4 1 4 1 19 0 19 0 4 1 4 1 19 0 19 0 53 0 54 0 53 0 54 0 54 0 54 0 54 0 54 0 55 0 55 0 55 0 55 0 55 0 55 0 55 0 55 0 19 0 19 0 19 0 19 0 19 0 19 0 19 0 19 0 19 0 19 0 19 0 19 0 19 0 19 0 19 0 19 0 53 0 54 0 53 0 54 0 54 0 54 0 54 0 54 0 55 0 55 0 55 0 55 0 55 0 55 0 55 0 55 0 19 0 19 0 19 0 19 0 19 0 19 0 19 0 19 0 19 0 19 0 19 0 19 0 19 0 19 0 19 0 19 0 	0	1	1 0 0 0 0 	0 1 1 2 3 
20 20 1 26 1 54 0 56 0 26 1 26 1 56 0 56 0 21 1 27 1 55 0 57 0 27 1 27 1 57 0 57 0 22 1 28 1 19 0 20 0 28 1 28 1 20 0 20 0 22 1 28 1 19 0 20 0 28 1 28 1 20 0 20 0 24 1 29 1 54 0 56 0 29 1 29 1 56 0 56 0 25 1 30 1 55 0 57 0 30 1 30 1 57 0 57 0 4 1 5 1 19 0 20 0 5 1 5 1 20 0 20 0 4 1 5 1 19 0 20 0 5 1 5 1 20 0 20 0 54 0 56 0 54 0 56 0 56 0 56 0 56 0 56 0 55 0 57 0 55 0 57 0 57 0 57 0 57 0 57 0 19 0 20 0 19 0 20 0 20 0 20 0 20 0 20 0 19 0 20 0 19 0 20 0 20 0 20 0 20 0 20 0 54 0 56 0 54 0 56 0 56 0 56 0 56 0 56 0 55 0 57 0 55 0 57 0 57 0 57 0 57 0 57 0 19 0 20 0 19 0 20 0 20 0 20 0 20 0 20 0 19 0 20 0 19 0 20 0 20 0 20 0 20 0 20 0 	0	1	1 0 0 0 0 	0 1 1 2 2 
21 21 1 27 1 55 0 57 0 27 1 27 1 57 0 57 0 31 1 31 1 58 0 58 0 31 1 31 1 58 0 58 0 22 1 28 1 19 0 20 0 28 1 28 1 20 0 20 0 32 1 32 1 21 0 21 0 32 1 32 1 21 0 21 0 25 1 30 1 55 0 57 0 30 1 30 1 57 0 57 0 33 1 33 1 58 0 58 0 33 1 33 1 58 0 58 0 4 1 5 1 19 0 20 0 5 1 5 1 20 0 20 0 6 1 6 1 21 0 21 0 6 1 6 1 21 0 21 0 55 0 57 0 55 0 57 0 57 0 57 0 57 0 57 0 58 0 58 0 58 0 58 0 58 0 58 0 58 0 58 0 19 0 20 0 19 0 20 0 20 0 20 0 20 0 20 0 21 0 21 0 21 0 21 0 21 0 21 0 21 0 21 0 55 0 57 0 55 0 57 0 57 0 57 0 57 0 57 0 58 0 58 0 58 0 58 0 58 0 58 0 58 0 58 0 19 0 20 0 19 0 20 0 20 0 20 0 20 0 20 0 21 0 21 0 21 0 21 0 21 0 21 0 21 0 21 0 	0	1	1 0 0 0 0 	0 1 1 1 2 
22 4 1 5 1 19 0 20 0 5 1 5 1 20 0 20 0 6 1 6 1 21 0 21 0 6 1 6 1 21 0 21 0 7 0 7 0 22 0 22 0 7 0 7 0 22 0 22 0 7 0 7 0 22 0 22 0 7 0 7 0 22 0 22 0 4 1 5 1 19 0 20 0 5 1 5 1 20 0 20 0 6 1 6 1 21 0 21 0 6 1 6 1 21 0 21 0 7 0 7 0 22 0 22 0 7 0 7 0 22 0 22 0 7 0 7 0 22 0 22 0 7 0 7 0 22 0 22 0 19 0 20 0 19 0 20 0 20 0 20 0 20 0 20 0 21 0 21 0 21 0 21 0 21 0 21 0 21 0 21 0 22 0 22 0 22 0 22 0 22 0 22 0 22 0 22 0 22 0 22 0 22 0 22 0 22 0 22 0 22 0 22 0 19 0 20 0 19 0 20 0 20 0 20 0 20 0 20 0 21 0 21 0 21 0 21 0 21 0 21 0 21 0 21 0 22 0 22 0 22 0 22 0 22 0 22 0 22 0 22 0 22 0 22 0 22 0 22 0 22 0 22 0 22 0 22 0 	0	2	1 3 0 0 0 	0 1 0 1 2 
23 23 1 24 1 53 0 54 0 24 1 24 1 54 0 54 0 25 1 25 1 55 0 55 0 25 1 25 1 55 0 55 0 4 1 4 1 19 0 19 0 4 1 4 1 19 0 19 0 4 1 4 1 19 0 19 0 4 1 4 1 19 0 19 0 8 0 8 0 23 0 23 0 8 0 8 0 23 0 23 0 8 0 8 0 23 0 23 0 8 0 8 0 23 0 23 0 8 0 8 0 23 0 23 0 8 0 8 0 23 0 23 0 8 0 8 0 23 0 23 0 8 0 8 0 23 0 23 0 53 0 54 0 53 0 54 0 54 0 54 0 54 0 54 0 55 0 55 0 55 0 55 0 55 0 55 0 55 0 55 0 19 0 19 0 19 0 19 0 19 0 19 0 19 0 19 0 19 0 19 0 19 0 19 0 19 0 19 0 19 0 19 0 23 0 23 0 23 0 23 0 23 0 23 0 23 0 23 0 23 0 23 0 23 0 23 0 23 0 23 0 23 0 23 0 23 0 23 0 23 0 23 0 23 0 23 0 23 0 23 0 23 0 23 0 23 0 23 0 23 0 23 0 23 0 23 0 	0	2	1 2 0 0 0 	0 0 1 2 3 
24 24 1 29 1 54 0 56 0 29 1 29 1 56 0 56 0 25 1 30 1 55 0 57 0 30 1 30 1 57 0 57 0 4 1 5 1 19 0 20 0 5 1 5 1 20 0 20 0 4 1 5 1 19 0 20 0 5 1 5 1 20 0 20 0 8 0 9 0 23 0 24 0 9 0 9 0 24 0 24 0 8 0 9 0 23 0 24 0 9 0 9 0 24 0 24 0 8 0 9 0 23 0 24 0 9 0 9 0 24 0 24 0 8 0 9 0 23 0 24 0 9 0 9 0 24 0 24 0 54 0 56 0 54 0 56 0 56 0 56 0 56 0 56 0 55 0 57 0 55 0 57 0 57 0 57 0 57 0 57 0 19 0 20 0 19 0 20 0 20 0 20 0 20 0 20 0 19 0 20 0 19 0 20 0 20 0 20 0 20 0 20 0 23 0 24 0 23 0 24 0 24 0 24 0 24 0 24 0 23 0 24 0 23 0 24 0 24 0 24 0 24 0 24 0 23 0 24 0 23 0 24 0 24 0 24 0 24 0 24 0 23 0 24 0 23 0 24 0 24 0 24 0 24 0 24 0 	0	2	1 2 0 0 0 	0 0 1 2 2 
25 25 1 30 1 55 0 57 0 30 1 30 1 57 0 57 0 33 1 33 1 58 0 58 0 33 1 33 1 58 0 58 0 4 1 5 1 19 0 20 0 5 1 5 1 20 0 20 0 6 1 6 1 21 0 21 0 6 1 6 1 21 0 21 0 8 0 9 0 23 0 24 0 9 0 9 0 24 0 24 0 10 0 10 0 25 0 25 0 10 0 10 0 25 0 25 0 8 0 9 0 23 0 24 0 9 0 9 0 24 0 24 0 10 0 10 0 25 0 25 0 10 0 10 0 25 0 25 0 55 0 57 0 55 0 57 0 57 0 57 0 57 0 57 0 58 0 58 0 58 0 58 0 58 0 58 0 58 0 58 0 19 0 20 0 19 0 20 0 20 0 20 0 20 0 20 0 21 0 21 0 21 0 21 0 21 0 21 0 21 0 21 0 23 0 24 0 23 0 24 0 24 0 24 0 24 0 24 0 25 0 25 0 25 0 25 0 25 0 25 0 25 0 25 0 23 0 24 0 23 0 24 0 24 0 24 0 24 0 24 0 25 0 25 0 25 0 25 0 25 0 25 0 25 0 25 0 	0	2	1 2 0 0 0 	0 0 1 1 2 
26 27 1 35 1 57 0 59 0 35 1 35 1 59 0 59 0 27 1 35 1 57 0 59 0 35 1 35 1 59 0 59 0 28 1 37 1 20 0 26 0 37 1 37 1 26 0 26 0 28 1 37 1 20 0 26 0 37 1 37 1 26 0 26 0 30 1 39 1 57 0 59 0 39 1 39 1 59 0 59 0 30 1 39 1 57 0 59 0 39 1 39 1 59 0 59 0 5 1 11 1 20 0 26 0 11 1 11 1 26 0 26 0 5 1 11 1 20 0 26 0 11 1 11 1 26 0 26 0 57 0 59 0 57 0 59 0 59 0 59 0 59 0 59 0 57 0 59 0 57 0 59 0 59 0 59 0 59 0 59 0 20 0 26 0 20 0 26 0 26 0 26 0 26 0 26 0 20 0 26 0 20 0 26 0 26 0 26 0 26 0 26 0 57 0 59 0 57 0 59 0 59 0 59 0 59 0 59 0 57 0 59 0 57 0 59 0 59 0 59 0 59 0 59 0 20 0 26 0 20 0 26 0 26 0 26 0 26 0 26 0 20 0 26 0 20 0 26 0 26 0 26 0 26 0 26 0 	0	1	1 0 0 0 0 	0 1 1 2 1 
27 27 1 35 1 57 0 59 0 35 1 35 1 59 0 59 0 31 1 42 1 58 0 60 0 42 1 42 1 60 0 60 0 28 1 37 1 20 0 26 0 37 1 37 1 26 0 26 0 32 1 44 1 21 0 27 0 44 1 44 1 27 0 27 0 30 1 39 1 57 0 59 0 39 1 39 1 59 0 59 0 33 1 46 1 58 0 60 0 46 1 46 1 60 0 60 0 5 1 11 1 20 0 26 0 11 1 11 1 26 0 26 0 6 1 12 1 21 0 27 0 12 1 12 1 27 0 27 0 57 0 59 0 57 0 59 0 59 0 59 0 59 0 59 0 58 0 60 0 58 0 60 0 60 0 60 0 60 0 60 0 20 0 26 0 20 0 26 0 26 0 26 0 26 0 26 0 21 0 27 0 21 0 27 0 27 0 27 0 27 0 27 0 57 0 59 0 57 0 59 0 59 0 59 0 59 0 59 0 58 0 60 0 58 0 60 0 60 0 60 0 60 0 60 0 20 0 26 0 20 0 26 0 26 0 26 0 26 0 26 0 21 0 27 0 21 0 27 0 27 0 27 0 27 0 27 0 	0	1	1 0 0 0 0 	0 1 1 1 1 
28 5 1 11 1 20 0 26 0 11 1 11 1 26 0 26 0 6 1 12 1 21 0 27 0 12 1 12 1 27 0 27 0 7 0 13 0 22 0 28 0 13 0 13 0 28 0 28 0 7 0 13 0 22 0 28 0 13 0 13 0 28 0 28 0 5 1 11 1 20 0 26 0 11 1 11 1 26 0 26 0 6 1 12 1 21 0 27 0 12 1 12 1 27 0 27 0 7 0 13 0 22 0 28 0 13 0 13 0 28 0 28 0 7 0 13 0 22 0 28 0 13 0 13 0 28 0 28 0 20 0 26 0 20 0 26 0 26 0 26 0 26 0 26 0 21 0 27 0 21 0 27 0 27 0 27 0 27 0 27 0 22 0 28 0 22 0 28 0 28 0 28 0 28 0 28 0 22 0 28 0 22 0 28 0 28 0 28 0 28 0 28 0 20 0 26 0 20 0 26 0 26 0 26 0 26 0 26 0 21 0 27 0 21 0 27 0 27 0 27 0 27 0 27 0 22 0 28 0 22 0 28 0 28 0 28 0 28 0 28 0 22 0 28 0 22 0 28 0 28 0 28 0 28 0 28 0 	0	2	1 3 0 0 0 	0 1 0 1 1 
29 30 1 39 1 57 0 59 0 39 1 39 1 59 0 59 0 30 1 39 1 57 0 59 0 39 1 39 1 59 0 59 0 5 1 11 1 20 0 26 0 11 1 11 1 26 0 26 0 5 1 11 1 20 0 26 0 11 1 11 1 26 0 26 0 9 0 14 0 24 0 29 0 14 0 14 0 29 0 29 0 9 0 14 0 24 0 29 0 14 0 14 0 29 0 29 0 9 0 14 0 24 0 29 0 14 0 14 0 29 0 29 0 9 0 14 0 24 0 29 0 14 0 14 0 29 0 29 0 57 0 59 0 57 0 59 0 59 0 59 0 59 0 59 0 57 0 59 0 57 0 59 0 59 0 59 0 59 0 59 0 20 0 26 0 20 0 26 0 26 0 26 0 26 0 26 0 20 0 26 0 20 0 26 0 26 0 26 0 26 0 26 0 24 0 29 0 24 0 29 0 29 0 29 0 29 0 29 0 24 0 29 0 24 0 29 0 29 0 29 0 29 0 29 0 24 0 29 0 24 0 29 0 29 0 29 0 29 0 29 0 24 0 29 0 24 0 29 0 29 0 29 0 29 0 29 0 	0	2	1 2 0 0 0 	0 0 1 2 1 
30 30 1 39 1 57 0 59 0 39 1 39 1 59 0 59 0 33 1 46 1 58 0 60 0 46 1 46 1 60 0 60 0 5 1 11 1 20 0 26 0 11 1 11 1 26 0 26 0 6 1 12 1 21 0 27 0 12 1 12 1 27 0 27 0 9 0 14 0 24 0 29 0 14 0 14 0 29 0 29 0 10 0 15 0 25 0 30 0 15 0 15 0 30 0 30 0 9 0 14 0 24 0 29 0 14 0 14 0 29 0 29 0 10 0 15 0 25 0 30 0 15 0 15 0 30 0 30 0 57 0 59 0 57 0 59 0 59 0 59 0 59 0 59 0 58 0 60 0 58 0 60 0 60 0 60 0 60 0 60 0 20 0 26 0 20 0 26 0 26 0 26 0 26 0 26 0 21 0 27 0 21 0 27 0 27 0 27 0 27 0 27 0 24 0 29 0 24 0 29 0 29 0 29 0 29 0 29 0 25 0 30 0 25 0 30 0 30 0 30 0 30 0 30 0 24 0 29 0 24 0 29 0 29 0 29 0 29 0 29 0 25 0 30 0 25 0 30 0 30 0 30 0 30 0 30 0 	0	2	1 2 0 0 0 	0 0 1 1 1 
31 32 1 44 1 21 0 27 0 44 1 44 1 27 0 27 0 50 0 50 0 31 0 31 0 50 0 50 0 31 0 31 0 32 1 44 1 21 0 27 0 44 1 44 1 27 0 27 0 50 0 50 0 31 0 31 0 50 0 50 0 31 0 31 0 6 1 12 1 21 0 27 0 12 1 12 1 27 0 27 0 16 0 16 0 31 0 31 0 16 0 16 0 31 0 31 0 6 1 12 1 21 0 27 0 12 1 12 1 27 0 27 0 16 0 16 0 31 0 31 0 16 0 16 0 31 0 31 0 21 0 27 0 21 0 27 0 27 0 27 0 27 0 27 0 31 0 31 0 31 0 31 0 31 0 31 0 31 0 31 0 21 0 27 0 21 0 27 0 27 0 27 0 27 0 27 0 31 0 31 0 31 0 31 0 31 0 31 0 31 0 31 0 21 0 27 0 21 0 27 0 27 0 27 0 27 0 27 0 31 0 31 0 31 0 31 0 31 0 31 0 31 0 31 0 21 0 27 0 21 0 27 0 27 0 27 0 27 0 27 0 31 0 31 0 31 0 31 0 31 0 31 0 31 0 31 0 	0	2	1 4 0 0 0 	0 1 1 0 1 
32 6 1 12 1 21 0 27 0 12 1 12 1 27 0 27 0 16 0 16 0 31 0 31 0 16 0 16 0 31 0 31 0 7 0 13 0 22 0 28 0 13 0 13 0 28 0 28 0 17 0 17 0 32 0 32 0 17 0 17 0 32 0 32 0 6 1 12 1 21 0 27 0 12 1 12 1 27 0 27 0 16 0 16 0 31 0 31 0 16 0 16 0 31 0 31 0 7 0 13 0 22 0 28 0 13 0 13 0 28 0 28 0 17 0 17 0 32 0 32 0 17 0 17 0 32 0 32 0 21 0 27 0 21 0 27 0 27 0 27 0 27 0 27 0 31 0 31 0 31 0 31 0 31 0 31 0 31 0 31 0 22 0 28 0 22 0 28 0 28 0 28 0 28 0 28 0 32 0 32 0 32 0 32 0 32 0 32 0 32 0 32 0 21 0 27 0 21 0 27 0 27 0 27 0 27 0 27 0 31 0 31 0 31 0 31 0 31 0 31 0 31 0 31 0 22 0 28 0 22 0 28 0 28 0 28 0 28 0 28 0 32 0 32 0 32 0 32 0 32 0 32 0 32 0 32 0 	0	3	1 3 4 0 0 	0 1 0 0 1 
33 6 1 12 1 21 0 27 0 12 1 12 1 27 0 27 0 16 0 16 0 31 0 31 0 16 0 16 0 31 0 31 0 6 1 12 1 21 0 27 0 12 1 12 1 27 0 27 0 16 0 16 0 31 0 31 0 16 0 16 0 31 0 31 0 10 0 15 0 25 0 30 0 15 0 15 0 30 0 30 0 18 0 18 0 33 0 33 0 18 0 18 0 33 0 33 0 10 0 15 0 25 0 30 0 15 0 15 0 30 0 30 0 18 0 18 0 33 0 33 0 18 0 18 0 33 0 33 0 21 0 27 0 21 0 27 0 27 0 27 0 27 0 27 0 31 0 31 0 31 0 31 0 31 0 31 0 31 0 31 0 21 0 27 0 21 0 27 0 27 0 27 0 27 0 27 0 31 0 31 0 31 0 31 0 31 0 31 0 31 0 31 0 25 0 30 0 25 0 30 0 30 0 30 0 30 0 30 0 33 0 33 0 33 0 33 0 33 0 33 0 33 0 33 0 25 0 30 0 25 0 30 0 30 0 30 0 30 0 30 0 33 0 33 0 33 0 33 0 33 0 33 0 33 0 33 0 	0	3	1 2 4 0 0 	0 0 1 0 1 
34 41 1 61 0 42 1 62 0 61 0 61 0 62 0 62 0 41 1 61 0 42 1 62 0 61 0 61 0 62 0 62 0 43 1 63 0 44 1 64 0 63 0 63 0 64 0 64 0 43 1 63 0 44 1 64 0 63 0 63 0 64 0 64 0 45 1 65 0 46 1 66 0 65 0 65 0 66 0 66 0 45 1 65 0 46 1 66 0 65 0 65 0 66 0 66 0 47 1 67 0 12 1 34 0 67 0 67 0 34 0 34 0 47 1 67 0 12 1 34 0 67 0 67 0 34 0 34 0 42 1 62 0 42 1 62 0 62 0 62 0 62 0 62 0 42 1 62 0 42 1 62 0 62 0 62 0 62 0 62 0 44 1 64 0 44 1 64 0 64 0 64 0 64 0 64 0 44 1 64 0 44 1 64 0 64 0 64 0 64 0 64 0 46 1 66 0 46 1 66 0 66 0 66 0 66 0 66 0 46 1 66 0 46 1 66 0 66 0 66 0 66 0 66 0 12 1 34 0 12 1 34 0 34 0 34 0 34 0 34 0 12 1 34 0 12 1 34 0 34 0 34 0 34 0 34 0 	0	1	5 0 0 0 0 	1 1 1 1 0 
35 42 1 62 0 60 0 68 0 62 0 62 0 68 0 68 0 42 1 62 0 60 0 68 0 62 0 62 0 68 0 68 0 44 1 64 0 27 0 35 0 64 0 64 0 35 0 35 0 44 1 64 0 27 0 35 0 64 0 64 0 35 0 35 0 46 1 66 0 60 0 68 0 66 0 66 0 68 0 68 0 46 1 66 0 60 0 68 0 66 0 66 0 68 0 68 0 12 1 34 0 27 0 35 0 34 0 34 0 35 0 35 0 12 1 34 0 27 0 35 0 34 0 34 0 35 0 35 0 60 0 68 0 60 0 68 0 68 0 68 0 68 0 68 0 60 0 68 0 60 0 68 0 68 0 68 0 68 0 68 0 27 0 35 0 27 0 35 0 35 0 35 0 35 0 35 0 27 0 35 0 27 0 35 0 35 0 35 0 35 0 35 0 60 0 68 0 60 0 68 0 68 0 68 0 68 0 68 0 60 0 68 0 60 0 68 0 68 0 68 0 68 0 68 0 27 0 35 0 27 0 35 0 35 0 35 0 35 0 35 0 27 0 35 0 27 0 35 0 35 0 35 0 35 0 35 0 	0	2	1 5 0 0 0 	0 1 1 1 0 
36 47 1 67 0 12 1 34 0 67 0 67 0 34 0 34 0 47 1 67 0 12 1 34 0 67 0 67 0 34 0 34 0 48 0 69 0 13 0 36 0 69 0 69 0 36 0 36 0 48 0 69 0 13 0 36 0 69 0 69 0 36 0 36 0 47 1 67 0 12 1 34 0 67 0 67 0 34 0 34 0 47 1 67 0 12 1 34 0 67 0 67 0 34 0 34 0 48 0 69 0 13 0 36 0 69 0 69 0 36 0 36 0 48 0 69 0 13 0 36 0 69 0 69 0 36 0 36 0 12 1 34 0 12 1 34 0 34 0 34 0 34 0 34 0 12 1 34 0 12 1 34 0 34 0 34 0 34 0 34 0 13 0 36 0 13 0 36 0 36 0 36 0 36 0 36 0 13 0 36 0 13 0 36 0 36 0 36 0 36 0 36 0 12 1 34 0 12 1 34 0 34 0 34 0 34 0 34 0 12 1 34 0 12 1 34 0 34 0 34 0 34 0 34 0 13 0 36 0 13 0 36 0 36 0 36 0 36 0 36 0 13 0 36 0 13 0 36 0 36 0 36 0 36 0 36 0 	0	2	3 5 0 0 0 	1 1 0 1 0 
37 12 1 34 0 27 0 35 0 34 0 34 0 35 0 35 0 12 1 34 0 27 0 35 0 34 0 34 0 35 0 35 0 13 0 36 0 28 0 37 0 36 0 36 0 37 0 37 0 13 0 36 0 28 0 37 0 36 0 36 0 37 0 37 0 12 1 34 0 27 0 35 0 34 0 34 0 35 0 35 0 12 1 34 0 27 0 35 0 34 0 34 0 35 0 35 0 13 0 36 0 28 0 37 0 36 0 36 0 37 0 37 0 13 0 36 0 28 0 37 0 36 0 36 0 37 0 37 0 27 0 35 0 27 0 35 0 35 0 35 0 35 0 35 0 27 0 35 0 27 0 35 0 35 0 35 0 35 0 35 0 28 0 37 0 28 0 37 0 37 0 37 0 37 0 37 0 28 0 37 0 28 0 37 0 37 0 37 0 37 0 37 0 27 0 35 0 27 0 35 0 35 0 35 0 35 0 35 0 27 0 35 0 27 0 35 0 35 0 35 0 35 0 35 0 28 0 37 0 28 0 37 0 37 0 37 0 37 0 37 0 28 0 37 0 28 0 37 0 37 0 37 0 37 0 37 0 	0	3	1 3 5 0 0 	0 1 0 1 0 
38 46 1 66 0 46 1 66 0 66 0 66 0 66 0 66 0 46 1 66 0 46 1 66 0 66 0 66 0 66 0 66 0 12 1 34 0 12 1 34 0 34 0 34 0 34 0 34 0 12 1 34 0 12 1 34 0 34 0 34 0 34 0 34 0 15 0 38 0 15 0 38 0 38 0 38 0 38 0 38 0 15 0 38 0 15 0 38 0 38 0 38 0 38 0 38 0 15 0 38 0 15 0 38 0 38 0 38 0 38 0 38 0 15 0 38 0 15 0 38 0 38 0 38 0 38 0 38 0 46 1 66 0 46 1 66 0 66 0 66 0 66 0 66 0 46 1 66 0 46 1 66 0 66 0 66 0 66 0 66 0 12 1 34 0 12 1 34 0 34 0 34 0 34 0 34 0 12 1 34 0 12 1 34 0 34 0 34 0 34 0 34 0 15 0 38 0 15 0 38 0 38 0 38 0 38 0 38 0 15 0 38 0 15 0 38 0 38 0 38 0 38 0 38 0 15 0 38 0 15 0 38 0 38 0 38 0 38 0 38 0 15 0 38 0 15 0 38 0 38 0 38 0 38 0 38 0 	0	2	2 5 0 0 0 	1 0 1 1 0 
39 46 1 66 0 60 0 68 0 66 0 66 0 68 0 68 0 46 1 66 0 60 0 68 0 66 0 66 0 68 0 68 0 12 1 34 0 27 0 35 0 34 0 34 0 35 0 35 0 12 1 34 0 27 0 35 0 34 0 34 0 35 0 35 0 15 0 38 0 30 0 39 0 38 0 38 0 39 0 39 0 15 0 38 0 30 0 39 0 38 0 38 0 39 0 39 0 15 0 38 0 30 0 39 0 38 0 38 0 39 0 39 0 15 0 38 0 30 0 39 0 38 0 38 0 39 0 39 0 60 0 68 0 60 0 68 0 68 0 68 0 68 0 68 0 60 0 68 0 60 0 68 0 68 0 68 0 68 0 68 0 27 0 35 0 27 0 35 0 35 0 35 0 35 0 35 0 27 0 35 0 27 0 35 0 35 0 35 0 35 0 35 0 30 0 39 0 30 0 39 0 39 0 39 0 39 0 39 0 30 0 39 0 30 0 39 0 39 0 39 0 39 0 39 0 30 0 39 0 30 0 39 0 39 0 39 0 39 0 39 0 30 0 39 0 30 0 39 0 39 0 39 0 39 0 39 0 	0	3	1 2 5 0 0 	0 0 1 1 0 
40 12 1 34 0 12 1 34 0 34 0 34 0 34 0 34 0 12 1 34 0 12 1 34 0 34 0 34 0 34 0 34 0 13 0 36 0 13 0 36 0 36 0 36 0 36 0 36 0 13 0 36 0 13 0 36 0 36 0 36 0 36 0 36 0 15 0 38 0 15 0 38 0 38 0 38 0 38 0 38 0 15 0 38 0 15 0 38 0 38 0 38 0 38 0 38 0 2 0 40 0 2 0 40 0 40 0 40 0 40 0 40 0 2 0 40 0 2 0 40 0 40 0 40 0 40 0 40 0 12 1 34 0 12 1 34 0 34 0 34 0 34 0 34 0 12 1 34 0 12 1 34 0 34 0 34 0 34 0 34 0 13 0 36 0 13 0 36 0 36 0 36 0 36 0 36 0 13 0 36 0 13 0 36 0 36 0 36 0 36 0 36 0 15 0 38 0 15 0 38 0 38 0 38 0 38 0 38 0 15 0 38 0 15 0 38 0 38 0 38 0 38 0 38 0 2 0 40 0 2 0 40 0 40 0 40 0 40 0 40 0 2 0 40 0 2 0 40 0 40 0 40 0 40 0 40 0 	0	3	2 3 5 0 0 	1 0 0 1 0 
41 43 1 63 0 44 1 64 0 63 0 63 0 64 0 64 0 49 0 70 0 50 0 71 0 70 0 70 0 71 0 71 0 43 1 63 0 44 1 64 0 63 0 63 0 64 0 64 0 49 0 70 0 50 0 71 0 70 0 70 0 71 0 71 0 47 1 67 0 12 1 34 0 67 0 67 0 34 0 34 0 51 0 72 0 16 0 41 0 72 0 72 0 41 0 41 0 47 1 67 0 12 1 34 0 67 0 67 0 34 0 34 0 51 0 72 0 16 0 41 0 72 0 72 0 41 0 41 0 44 1 64 0 44 1 64 0 64 0 64 0 64 0 64 0 50 0 71 0 50 0 71 0 71 0 71 0 71 0 71 0 44 1 64 0 44 1 64 0 64 0 64 0 64 0 64 0 50 0 71 0 50 0 71 0 71 0 71 0 71 0 71 0 12 1 34 0 12 1 34 0 34 0 34 0 34 0 34 0 16 0 41 0 16 0 41 0 41 0 41 0 41 0 41 0 12 1 34 0 12 1 34 0 34 0 34 0 34 0 34 0 16 0 41 0 16 0 41 0 41 0 41 0 41 0 41 0 	0	2	4 5 0 0 0 	1 1 1 0 0 
42 44 1 64 0 27 0 35 0 64 0 64 0 35 0 35 0 50 0 71 0 31 0 42 0 71 0 71 0 42 0 42 0 44 1 64 0 27 0 35 0 64 0 64 0 35 0 35 0 50 0 71 0 31 0 42 0 71 0 71 0 42 0 42 0 12 1 34 0 27 0 35 0 34 0 34 0 35 0 35 0 16 0 41 0 31 0 42 0 41 0 41 0 42 0 42 0 12 1 34 0 27 0 35 0 34 0 34 0 35 0 35 0 16 0 41 0 31 0 42 0 41 0 41 0 42 0 42 0 27 0 35 0 27 0 35 0 35 0 35 0 35 0 35 0 31 0 42 0 31 0 42 0 42 0 42 0 42 0 42 0 27 0 35 0 27 0 35 0 35 0 35 0 35 0 35 0 31 0 42 0 31 0 42 0 42 0 42 0 42 0 42 0 27 0 35 0 27 0 35 0 35 0 35 0 35 0 35 0 31 0 42 0 31 0 42 0 42 0 42 0 42 0 42 0 27 0 35 0 27 0 35 0 35 0 35 0 35 0 35 0 31 0 42 0 31 0 42 0 42 0 42 0 42 0 42 0 	0	3	1 4 5 0 0 	0 1 1 0 0 
43 47 1 67 0 12 1 34 0 67 0 67 0 34 0 34 0 51 0 72 0 16 0 41 0 72 0 72 0 41 0 41 0 48 0 69 0 13 0 36 0 69 0 69 0 36 0 36 0 52 0 73 0 17 0 43 0 73 0 73 0 43 0 43 0 47 1 67 0 12 1 34 0 67 0 67 0 34 0 34 0 51 0 72 0 16 0 41 0 72 0 72 0 41 0 41 0 48 0 69 0 13 0 36 0 69 0 69 0 36 0 36 0 52 0 73 0 17 0 43 0 73 0 73 0 43 0 43 0 12 1 34 0 12 1 34 0 34 0 34 0 34 0 34 0 16 0 41 0 16 0 41 0 41 0 41 0 41 0 41 0 13 0 36 0 13 0 36 0 36 0 36 0 36 0 36 0 17 0 43 0 17 0 43 0 43 0 43 0 43 0 43 0 12 1 34 0 12 1 34 0 34 0 34 0 34 0 34 0 16 0 41 0 16 0 41 0 41 0 41 0 41 0 41 0 13 0 36 0 13 0 36 0 36 0 36 0 36 0 36 0 17 0 43 0 17 0 43 0 43 0 43 0 43 0 43 0 	0	3	3 4 5 0 0 	1 1 0 0 0 
44 12 1 34 0 27 0 35 0 34 0 34 0 35 0 35 0 16 0 41 0 31 0 42 0 41 0 41 0 42 0 42 0 13 0 36 0 28 0 37 0 36 0 36 0 37 0 37 0 17 0 43 0 32 0 44 0 43 0 43 0 44 0 44 0 12 1 34 0 27 0 35 0 34 0 34 0 35 0 35 0 16 0 41 0 31 0 42 0 41 0 41 0 42 0 42 0 13 0 36 0 28 0 37 0 36 0 36 0 37 0 37 0 17 0 43 0 32 0 44 0 43 0 43 0 44 0 44 0 27 0 35 0 27 0 35 0 35 0 35 0 35 0 35 0 31 0 42 0 31 0 42 0 42 0 42 0 42 0 42 0 28 0 37 0 28 0 37 0 37 0 37 0 37 0 37 0 32 0 44 0 32 0 44 0 44 0 44 0 44 0 44 0 27 0 35 0 27 0 35 0 35 0 35 0 35 0 35 0 31 0 42 0 31 0 42 0 42 0 42 0 42 0 42 0 28 0 37 0 28 0 37 0 37 0 37 0 37 0 37 0 32 0 44 0 32 0 44 0 44 0 44 0 44 0 44 0 	0	4	1 3 4 5 0 	0 1 0 0 0 
45 12 1 34 0 12 1 34 0 34 0 34 0 34 0 34 0 16 0 41 0 16 0 41 0 41 0 41 0 41 0 41 0 12 1 34 0 12 1 34 0 34 0 34 0 34 0 34 0 16 0 41 0 16 0 41 0 41 0 41 0 41 0 41 0 15 0 38 0 15 0 38 0 38 0 38 0 38 0 38 0 18 0 45 0 18 0 45 0 45 0 45 0 45 0 45 0 15 0 38 0 15 0 38 0 38 0 38 0 38 0 38 0 18 0 45 0 18 0 45 0 45 0 45 0 45 0 45 0 12 1 34 0 12 1 34 0 34 0 34 0 34 0 34 0 16 0 41 0 16 0 41 0 41 0 41 0 41 0 41 0 12 1 34 0 12 1 34 0 34 0 34 0 34 0 34 0 16 0 41 0 16 0 41 0 41 0 41 0 41 0 41 0 15 0 38 0 15 0 38 0 38 0 38 0 38 0 38 0 18 0 45 0 18 0 45 0 45 0 45 0 45 0 45 0 15 0 38 0 15 0 38 0 38 0 38 0 38 0 38 0 18 0 45 0 18 0 45 0 45 0 45 0 45 0 45 0 	0	3	2 4 5 0 0 	1 0 1 0 0 
46 12 1 34 0 27 0 35 0 34 0 34 0 35 0 35 0 16 0 41 0 31 0 42 0 41 0 41 0 42 0 42 0 12 1 34 0 27 0 35 0 34 0 34 0 35 0 35 0 16 0 41 0 31 0 42 0 41 0 41 0 42 0 42 0 15 0 38 0 30 0 39 0 38 0 38 0 39 0 39 0 18 0 45 0 33 0 46 0 45 0 45 0 46 0 46 0 15 0 38 0 30 0 39 0 38 0 38 0 39 0 39 0 18 0 45 0 33 0 46 0 45 0 45 0 46 0 46 0 27 0 35 0 27 0 35 0 35 0 35 0 35 0 35 0 31 0 42 0 31 0 42 0 42 0 42 0 42 0 42 0 27 0 35 0 27 0 35 0 35 0 35 0 35 0 35 0 31 0 42 0 31 0 42 0 42 0 42 0 42 0 42 0 30 0 39 0 30 0 39 0 39 0 39 0 39 0 39 0 33 0 46 0 33 0 46 0 46 0 46 0 46 0 46 0 30 0 39 0 30 0 39 0 39 0 39 0 39 0 39 0 33 0 46 0 33 0 46 0 46 0 46 0 46 0 46 0 	0	4	1 2 4 5 0 	0 0 1 0 0 
47 12 1 34 0 12 1 34 0 34 0 34 0 34 0 34 0 16 0 41 0 16 0 41 0 41 0 41 0 41 0 41 0 13 0 36 0 13 0 36 0 36 0 36 0 36 0 36 0 17 0 43 0 17 0 43 0 43 0 43 0 43 0 43 0 15 0 38 0 15 0 38 0 38 0 38 0 38 0 38 0 18 0 45 0 18 0 45 0 45 0 45 0 45 0 45 0 2 0 40 0 2 0 40 0 40 0 40 0 40 0 40 0 3 0 47 0 3 0 47 0 47 0 47 0 47 0 47 0 12 1 34 0 12 1 34 0 34 0 34 0 34 0 34 0 16 0 41 0 16 0 41 0 41 0 41 0 41 0 41 0 13 0 36 0 13 0 36 0 36 0 36 0 36 0 36 0 17 0 43 0 17 0 43 0 43 0 43 0 43 0 43 0 15 0 38 0 15 0 38 0 38 0 38 0 38 0 38 0 18 0 45 0 18 0 45 0 45 0 45 0 45 0 45 0 2 0 40 0 2 0 40 0 40 0 40 0 40 0 40 0 3 0 47 0 3 0 47 0 47 0 47 0 47 0 47 0 	0	4	2 3 4 5 0 	1 0 0 0 0 
48 2 1 40 1 2 1 40 1 40 1 40 1 40 1 40 1 3 1 47 1 3 1 47 1 47 1 47 1 47 1 47 1 0 0 48 0 0 0 48 0 48 0 48 0 48 0 48 0 0 0 48 0 0 0 48 0 48 0 48 0 48 0 48 0 2 1 40 1 2 1 40 1 40 1 40 1 40 1 40 1 3 1 47 1 3 1 47 1 47 1 47 1 47 1 47 1 0 0 48 0 0 0 48 0 48 0 48 0 48 0 48 0 0 0 48 0 0 0 48 0 48 0 48 0 48 0 48 0 2 1 40 1 2 1 40 1 40 1 40 1 40 1 40 1 3 1 47 1 3 1 47 1 47 1 47 1 47 1 47 1 0 0 48 0 0 0 48 0 48 0 48 0 48 0 48 0 0 0 48 0 0 0 48 0 48 0 48 0 48 0 48 0 2 1 40 1 2 1 40 1 40 1 40 1 40 1 40 1 3 1 47 1 3 1 47 1 47 1 47 1 47 1 47 1 0 0 48 0 0 0 48 0 48 0 48 0 48 0 48 0 0 0 48 0 0 0 48 0 48 0 48 0 48 0 48 0 	0	1	3 0 0 0 0 	2 1 0 1 1 
49 52 1 73 1 17 1 43 1 73 1 73 1 43 1 43 1 74 0 74 0 49 0 49 0 74 0 74 0 49 0 49 0 52 1 73 1 17 1 43 1 73 1 73 1 43 1 43 1 74 0 74 0 49 0 49 0 74 0 74 0 49 0 49 0 52 1 73 1 17 1 43 1 73 1 73 1 43 1 43 1 74 0 74 0 49 0 49 0 74 0 74 0 49 0 49 0 52 1 73 1 17 1 43 1 73 1 73 1 43 1 43 1 74 0 74 0 49 0 49 0 74 0 74 0 49 0 49 0 17 1 43 1 17 1 43 1 43 1 43 1 43 1 43 1 49 0 49 0 49 0 49 0 49 0 49 0 49 0 49 0 17 1 43 1 17 1 43 1 43 1 43 1 43 1 43 1 49 0 49 0 49 0 49 0 49 0 49 0 49 0 49 0 17 1 43 1 17 1 43 1 43 1 43 1 43 1 43 1 49 0 49 0 49 0 49 0 49 0 49 0 49 0 49 0 17 1 43 1 17 1 43 1 43 1 43 1 43 1 43 1 49 0 49 0 49 0 49 0 49 0 49 0 49 0 49 0 	0	1	4 0 0 0 0 	2 2 1 0 1 
50 17 1 43 1 32 1 44 1 43 1 43 1 44 1 44 1 49 0 49 0 50 0 50 0 49 0 49 0 50 0 50 0 17 1 43 1 32 1 44 1 43 1 43 1 44 1 44 1 49 0 49 0 50 0 50 0 49 0 49 0 50 0 50 0 17 1 43 1 32 1 44 1 43 1 43 1 44 1 44 1 49 0 49 0 50 0 50 0 49 0 49 0 50 0 50 0 17 1 43 1 32 1 44 1 43 1 43 1 44 1 44 1 49 0 49 0 50 0 50 0 49 0 49 0 50 0 50 0 32 1 44 1 32 1 44 1 44 1 44 1 44 1 44 1 50 0 50 0 50 0 50 0 50 0 50 0 50 0 50 0 32 1 44 1 32 1 44 1 44 1 44 1 44 1 44 1 50 0 50 0 50 0 50 0 50 0 50 0 50 0 50 0 32 1 44 1 32 1 44 1 44 1 44 1 44 1 44 1 50 0 50 0 50 0 50 0 50 0 50 0 50 0 50 0 32 1 44 1 32 1 44 1 44 1 44 1 44 1 44 1 50 0 50 0 50 0 50 0 50 0 50 0 50 0 50 0 	0	1	4 0 0 0 0 	1 2 1 0 1 
51 17 1 43 1 17 1 43 1 43 1 43 1 43 1 43 1 49 0 49 0 49 0 49 0 49 0 49 0 49 0 49 0 17 1 43 1 17 1 43 1 43 1 43 1 43 1 43 1 49 0 49 0 49 0 49 0 49 0 49 0 49 0 49 0 3 1 47 1 3 1 47 1 47 1 47 1 47 1 47 1 51 0 51 0 51 0 51 0 51 0 51 0 51 0 51 0 3 1 47 1 3 1 47 1 47 1 47 1 47 1 47 1 51 0 51 0 51 0 51 0 51 0 51 0 51 0 51 0 17 1 43 1 17 1 43 1 43 1 43 1 43 1 43 1 49 0 49 0 49 0 49 0 49 0 49 0 49 0 49 0 17 1 43 1 17 1 43 1 43 1 43 1 43 1 43 1 49 0 49 0 49 0 49 0 49 0 49 0 49 0 49 0 3 1 47 1 3 1 47 1 47 1 47 1 47 1 47 1 51 0 51 0 51 0 51 0 51 0 51 0 51 0 51 0 3 1 47 1 3 1 47 1 47 1 47 1 47 1 47 1 51 0 51 0 51 0 51 0 51 0 51 0 51 0 51 0 	0	1	4 0 0 0 0 	2 1 1 0 1 
52 3 1 47 1 3 1 47 1 47 1 47 1 47 1 47 1 51 0 51 0 51 0 51 0 51 0 51 0 51 0 51 0 0 0 48 0 0 0 48 0 48 0 48 0 48 0 48 0 52 0 52 0 52 0 52 0 52 0 52 0 52 0 52 0 3 1 47 1 3 1 47 1 47 1 47 1 47 1 47 1 51 0 51 0 51 0 51 0 51 0 51 0 51 0 51 0 0 0 48 0 0 0 48 0 48 0 48 0 48 0 48 0 52 0 52 0 52 0 52 0 52 0 52 0 52 0 52 0 3 1 47 1 3 1 47 1 47 1 47 1 47 1 47 1 51 0 51 0 51 0 51 0 51 0 51 0 51 0 51 0 0 0 48 0 0 0 48 0 48 0 48 0 48 0 48 0 52 0 52 0 52 0 52 0 52 0 52 0 52 0 52 0 3 1 47 1 3 1 47 1 47 1 47 1 47 1 47 1 51 0 51 0 51 0 51 0 51 0 51 0 51 0 51 0 0 0 48 0 0 0 48 0 48 0 48 0 48 0 48 0 52 0 52 0 52 0 52 0 52 0 52 0 52 0 52 0 	0	2	3 4 0 0 0 	2 1 0 0 1 
53 53 1 54 1 53 0 53 0 54 1 54 1 53 0 53 0 55 1 55 1 53 0 53 0 55 1 55 1 53 0 53 0 19 1 19 1 53 0 53 0 19 1 19 1 53 0 53 0 19 1 19 1 53 0 53 0 19 1 19 1 53 0 53 0 23 1 23 1 53 0 53 0 23 1 23 1 53 0 53 0 23 1 23 1 53 0 53 0 23 1 23 1 53 0 53 0 23 1 23 1 53 0 53 0 23 1 23 1 53 0 53 0 23 1 23 1 53 0 53 0 23 1 23 1 53 0 53 0 53 0 53 0 53 0 53 0 53 0 53 0 53 0 53 0 53 0 53 0 53 0 53 0 53 0 53 0 53 0 53 0 53 0 53 0 53 0 53 0 53 0 53 0 53 0 53 0 53 0 53 0 53 0 53 0 53 0 53 0 53 0 53 0 53 0 53 0 53 0 53 0 53 0 53 0 53 0 53 0 53 0 53 0 53 0 53 0 53 0 53 0 53 0 53 0 53 0 53 0 53 0 53 0 53 0 53 0 53 0 53 0 53 0 53 0 53 0 53 0 53 0 53 0 53 0 53 0 	0	1	1 0 0 0 0 	0 1 2 3 4 
54 54 1 56 1 53 0 54 0 56 1 56 1 54 0 54 0 55 1 57 1 53 0 54 0 57 1 57 1 54 0 54 0 19 1 20 1 53 0 54 0 20 1 20 1 54 0 54 0 19 1 20 1 53 0 54 0 20 1 20 1 54 0 54 0 23 1 24 1 53 0 54 0 24 1 24 1 54 0 54 0 23 1 24 1 53 0 54 0 24 1 24 1 54 0 54 0 23 1 24 1 53 0 54 0 24 1 24 1 54 0 54 0 23 1 24 1 53 0 54 0 24 1 24 1 54 0 54 0 53 0 54 0 53 0 54 0 54 0 54 0 54 0 54 0 53 0 54 0 53 0 54 0 54 0 54 0 54 0 54 0 53 0 54 0 53 0 54 0 54 0 54 0 54 0 54 0 53 0 54 0 53 0 54 0 54 0 54 0 54 0 54 0 53 0 54 0 53 0 54 0 54 0 54 0 54 0 54 0 53 0 54 0 53 0 54 0 54 0 54 0 54 0 54 0 53 0 54 0 53 0 54 0 54 0 54 0 54 0 54 0 53 0 54 0 53 0 54 0 54 0 54 0 54 0 54 0 	0	1	1 0 0 0 0 	0 1 2 3 3 
55 55 1 57 1 53 0 54 0 57 1 57 1 54 0 54 0 58 1 58 1 55 0 55 0 58 1 58 1 55 0 55 0 19 1 20 1 53 0 54 0 20 1 20 1 54 0 54 0 21 1 21 1 55 0 55 0 21 1 21 1 55 0 55 0 23 1 24 1 53 0 54 0 24 1 24 1 54 0 54 0 25 1 25 1 55 0 55 0 25 1 25 1 55 0 55 0 23 1 24 1 53 0 54 0 24 1 24 1 54 0 54 0 25 1 25 1 55 0 55 0 25 1 25 1 55 0 55 0 53 0 54 0 53 0 54 0 54 0 54 0 54 0 54 0 55 0 55 0 55 0 55 0 55 0 55 0 55 0 55 0 53 0 54 0 53 0 54 0 54 0 54 0 54 0 54 0 55 0 55 0 55 0 55 0 55 0 55 0 55 0 55 0 53 0 54 0 53 0 54 0 54 0 54 0 54 0 54 0 55 0 55 0 55 0 55 0 55 0 55 0 55 0 55 0 53 0 54 0 53 0 54 0 54 0 54 0 54 0 54 0 55 0 55 0 55 0 55 0 55 0 55 0 55 0 55 0 	0	1	1 0 0 0 0 	0 1 2 2 3 
56 57 1 59 1 54 0 56 0 59 1 59 1 56 0 56 0 57 1 59 1 54 0 56 0 59 1 59 1 56 0 56 0 20 1 26 1 54 0 56 0 26 1 26 1 56 0 56 0 20 1 26 1 54 0 56 0 26 1 26 1 56 0 56 0 24 1 29 1 54 0 56 0 29 1 29 1 56 0 56 0 24 1 29 1 54 0 56 0 29 1 29 1 56 0 56 0 24 1 29 1 54 0 56 0 29 1 29 1 56 0 56 0 24 1 29 1 54 0 56 0 29 1 29 1 56 0 56 0 54 0 56 0 54 0 56 0 56 0 56 0 56 0 56 0 54 0 56 0 54 0 56 0 56 0 56 0 56 0 56 0 54 0 56 0 54 0 56 0 56 0 56 0 56 0 56 0 54 0 56 0 54 0 56 0 56 0 56 0 56 0 56 0 54 0 56 0 54 0 56 0 56 0 56 0 56 0 56 0 54 0 56 0 54 0 56 0 56 0 56 0 56 0 56 0 54 0 56 0 54 0 56 0 56 0 56 0 56 0 56 0 54 0 56 0 54 0 56 0 56 0 56 0 56 0 56 0 	0	1	1 0 0 0 0 	0 1 2 3 2 
57 57 1 59 1 54 0 56 0 59 1 59 1 56 0 56 0 58 1 60 1 55 0 57 0 60 1 60 1 57 0 57 0 20 1 26 1 54 0 56 0 26 1 26 1 56 0 56 0 21 1 27 1 55 0 57 0 27 1 27 1 57 0 57 0 24 1 29 1 54 0 56 0 29 1 29 1 56 0 56 0 25 1 30 1 55 0 57 0 30 1 30 1 57 0 57 0 24 1 29 1 54 0 56 0 29 1 29 1 56 0 56 0 25 1 30 1 55 0 57 0 30 1 30 1 57 0 57 0 54 0 56 0 54 0 56 0 56 0 56 0 56 0 56 0 55 0 57 0 55 0 57 0 57 0 57 0 57 0 57 0 54 0 56 0 54 0 56 0 56 0 56 0 56 0 56 0 55 0 57 0 55 0 57 0 57 0 57 0 57 0 57 0 54 0 56 0 54 0 56 0 56 0 56 0 56 0 56 0 55 0 57 0 55 0 57 0 57 0 57 0 57 0 57 0 54 0 56 0 54 0 56 0 56 0 56 0 56 0 56 0 55 0 57 0 55 0 57 0 57 0 57 0 57 0 57 0 	0	1	1 0 0 0 0 	0 1 2 2 2 
58 21 1 27 1 55 0 57 0 27 1 27 1 57 0 57 0 31 1 31 1 58 0 58 0 31 1 31 1 58 0 58 0 21 1 27 1 55 0 57 0 27 1 27 1 57 0 57 0 31 1 31 1 58 0 58 0 31 1 31 1 58 0 58 0 25 1 30 1 55 0 57 0 30 1 30 1 57 0 57 0 33 1 33 1 58 0 58 0 33 1 33 1 58 0 58 0 25 1 30 1 55 0 57 0 30 1 30 1 57 0 57 0 33 1 33 1 58 0 58 0 33 1 33 1 58 0 58 0 55 0 57 0 55 0 57 0 57 0 57 0 57 0 57 0 58 0 58 0 58 0 58 0 58 0 58 0 58 0 58 0 55 0 57 0 55 0 57 0 57 0 57 0 57 0 57 0 58 0 58 0 58 0 58 0 58 0 58 0 58 0 58 0 55 0 57 0 55 0 57 0 57 0 57 0 57 0 57 0 58 0 58 0 58 0 58 0 58 0 58 0 58 0 58 0 55 0 57 0 55 0 57 0 57 0 57 0 57 0 57 0 58 0 58 0 58 0 58 0 58 0 58 0 58 0 58 0 	0	1	1 0 0 0 0 	0 1 2 1 2 
59 60 1 68 1 57 0 59 0 68 1 68 1 59 0 59 0 60 1 68 1 57 0 59 0 68 1 68 1 59 0 59 0 27 1 35 1 57 0 59 0 35 1 35 1 59 0 59 0 27 1 35 1 57 0 59 0 35 1 35 1 59 0 59 0 30 1 39 1 57 0 59 0 39 1 39 1 59 0 59 0 30 1 39 1 57 0 59 0 39 1 39 1 59 0 59 0 30 1 39 1 57 0 59 0 39 1 39 1 59 0 59 0 30 1 39 1 57 0 59 0 39 1 39 1 59 0 59 0 57 0 59 0 57 0 59 0 59 0 59 0 59 0 59 0 57 0 59 0 57 0 59 0 59 0 59 0 59 0 59 0 57 0 59 0 57 0 59 0 59 0 59 0 59 0 59 0 57 0 59 0 57 0 59 0 59 0 59 0 59 0 59 0 57 0 59 0 57 0 59 0 59 0 59 0 59 0 59 0 57 0 59 0 57 0 59 0 59 0 59 0 59 0 59 0 57 0 59 0 57 0 59 0 59 0 59 0 59 0 59 0 57 0 59 0 57 0 59 0 59 0 59 0 59 0 59 0 	0	1	1 0 0 0 0 	0 1 2 2 1 
60 27 1 35 1 57 0 59 0 35 1 35 1 59 0 59 0 31 1 42 1 58 0 60 0 42 1 42 1 60 0 60 0 27 1 35 1 57 0 59 0 35 1 35 1 59 0 59 0 31 1 42 1 58 0 60 0 42 1 42 1 60 0 60 0 30 1 39 1 57 0 59 0 39 1 39 1 59 0 59 0 33 1 46 1 58 0 60 0 46 1 46 1 60 0 60 0 30 1 39 1 57 0 59 0 39 1 39 1 59 0 59 0 33 1 46 1 58 0 60 0 46 1 46 1 60 0 60 0 57 0 59 0 57 0 59 0 59 0 59 0 59 0 59 0 58 0 60 0 58 0 60 0 60 0 60 0 60 0 60 0 57 0 59 0 57 0 59 0 59 0 59 0 59 0 59 0 58 0 60 0 58 0 60 0 60 0 60 0 60 0 60 0 57 0 59 0 57 0 59 0 59 0 59 0 59 0 59 0 58 0 60 0 58 0 60 0 60 0 60 0 60 0 60 0 57 0 59 0 57 0 59 0 59 0 59 0 59 0 59 0 58 0 60 0 58 0 60 0 60 0 60 0 60 0 60 0 	0	1	1 0 0 0 0 	0 1 2 1 1 
61 70 1 75 0 71 1 76 0 75 0 75 0 76 0 76 0 70 1 75 0 71 1 76 0 75 0 75 0 76 0 76 0 70 1 75 0 71 1 76 0 75 0 75 0 76 0 76 0 70 1 75 0 71 1 76 0 75 0 75 0 76 0 76 0 72 1 77 0 41 1 61 0 77 0 77 0 61 0 61 0 72 1 77 0 41 1 61 0 77 0 77 0 61 0 61 0 72 1 77 0 41 1 61 0 77 0 77 0 61 0 61 0 72 1 77 0 41 1 61 0 77 0 77 0 61 0 61 0 71 1 76 0 71 1 76 0 76 0 76 0 76 0 76 0 71 1 76 0 71 1 76 0 76 0 76 0 76 0 76 0 71 1 76 0 71 1 76 0 76 0 76 0 76 0 76 0 71 1 76 0 71 1 76 0 76 0 76 0 76 0 76 0 41 1 61 0 41 1 61 0 61 0 61 0 61 0 61 0 41 1 61 0 41 1 61 0 61 0 61 0 61 0 61 0 41 1 61 0 41 1 61 0 61 0 61 0 61 0 61 0 41 1 61 0 41 1 61 0 61 0 61 0 61 0 61 0 	0	1	5 0 0 0 0 	2 2 2 1 0 
62 71 1 76 0 42 1 62 0 76 0 76 0 62 0 62 0 71 1 76 0 42 1 62 0 76 0 76 0 62 0 62 0 71 1 76 0 42 1 62 0 76 0 76 0 62 0 62 0 71 1 76 0 42 1 62 0 76 0 76 0 62 0 62 0 41 1 61 0 42 1 62 0 61 0 61 0 62 0 62 0 41 1 61 0 42 1 62 0 61 0 61 0 62 0 62 0 41 1 61 0 42 1 62 0 61 0 61 0 62 0 62 0 41 1 61 0 42 1 62 0 61 0 61 0 62 0 62 0 42 1 62 0 42 1 62 0 62 0 62 0 62 0 62 0 42 1 62 0 42 1 62 0 62 0 62 0 62 0 62 0 42 1 62 0 42 1 62 0 62 0 62 0 62 0 62 0 42 1 62 0 42 1 62 0 62 0 62 0 62 0 62 0 42 1 62 0 42 1 62 0 62 0 62 0 62 0 62 0 42 1 62 0 42 1 62 0 62 0 62 0 62 0 62 0 42 1 62 0 42 1 62 0 62 0 62 0 62 0 62 0 42 1 62 0 42 1 62 0 62 0 62 0 62 0 62 0 	0	1	5 0 0 0 0 	1 2 2 1 0 
63 72 1 77 0 41 1 61 0 77 0 77 0 61 0 61 0 72 1 77 0 41 1 61 0 77 0 77 0 61 0 61 0 73 1 78 0 43 1 63 0 78 0 78 0 63 0 63 0 73 1 78 0 43 1 63 0 78 0 78 0 63 0 63 0 72 1 77 0 41 1 61 0 77 0 77 0 61 0 61 0 72 1 77 0 41 1 61 0 77 0 77 0 61 0 61 0 73 1 78 0 43 1 63 0 78 0 78 0 63 0 63 0 73 1 78 0 43 1 63 0 78 0 78 0 63 0 63 0 41 1 61 0 41 1 61 0 61 0 61 0 61 0 61 0 41 1 61 0 41 1 61 0 61 0 61 0 61 0 61 0 43 1 63 0 43 1 63 0 63 0 63 0 63 0 63 0 43 1 63 0 43 1 63 0 63 0 63 0 63 0 63 0 41 1 61 0 41 1 61 0 61 0 61 0 61 0 61 0 41 1 61 0 41 1 61 0 61 0 61 0 61 0 61 0 43 1 63 0 43 1 63 0 63 0 63 0 63 0 63 0 43 1 63 0 43 1 63 0 63 0 63 0 63 0 63 0 	0	1	5 0 0 0 0 	2 2 1 1 0 
64 41 1 61 0 42 1 62 0 61 0 61 0 62 0 62 0 41 1 61 0 42 1 62 0 61 0 61 0 62 0 62 0 43 1 63 0 44 1 64 0 63 0 63 0 64 0 64 0 43 1 63 0 44 1 64 0 63 0 63 0 64 0 64 0 41 1 61 0 42 1 62 0 61 0 61 0 62 0 62 0 41 1 61 0 42 1 62 0 61 0 61 0 62 0 62 0 43 1 63 0 44 1 64 0 63 0 63 0 64 0 64 0 43 1 63 0 44 1 64 0 63 0 63 0 64 0 64 0 42 1 62 0 42 1 62 0 62 0 62 0 62 0 62 0 42 1 62 0 42 1 62 0 62 0 62 0 62 0 62 0 44 1 64 0 44 1 64 0 64 0 64 0 64 0 64 0 44 1 64 0 44 1 64 0 64 0 64 0 64 0 64 0 42 1 62 0 42 1 62 0 62 0 62 0 62 0 62 0 42 1 62 0 42 1 62 0 62 0 62 0 62 0 62 0 44 1 64 0 44 1 64 0 64 0 64 0 64 0 64 0 44 1 64 0 44 1 64 0 64 0 64 0 64 0 64 0 	0	1	5 0 0 0 0 	1 2 1 1 0 
65 41 1 61 0 41 1 61 0 61 0 61 0 61 0 61 0 41 1 61 0 41 1 61 0 61 0 61 0 61 0 61 0 41 1 61 0 41 1 61 0 61 0 61 0 61 0 61 0 41 1 61 0 41 1 61 0 61 0 61 0 61 0 61 0 45 1 65 0 45 1 65 0 65 0 65 0 65 0 65 0 45 1 65 0 45 1 65 0 65 0 65 0 65 0 65 0 45 1 65 0 45 1 65 0 65 0 65 0 65 0 65 0 45 1 65 0 45 1 65 0 65 0 65 0 65 0 65 0 41 1 61 0 41 1 61 0 61 0 61 0 61 0 61 0 41 1 61 0 41 1 61 0 61 0 61 0 61 0 61 0 41 1 61 0 41 1 61 0 61 0 61 0 61 0 61 0 41 1 61 0 41 1 61 0 61 0 61 0 61 0 61 0 45 1 65 0 45 1 65 0 65 0 65 0 65 0 65 0 45 1 65 0 45 1 65 0 65 0 65 0 65 0 65 0 45 1 65 0 45 1 65 0 65 0 65 0 65 0 65 0 45 1 65 0 45 1 65 0 65 0 65 0 65 0 65 0 	0	1	5 0 0 0 0 	2 1 2 1 0 
66 41 1 61 0 42 1 62 0 61 0 61 0 62 0 62 0 41 1 61 0 42 1 62 0 61 0 61 0 62 0 62 0 41 1 61 0 42 1 62 0 61 0 61 0 62 0 62 0 41 1 61 0 42 1 62 0 61 0 61 0 62 0 62 0 45 1 65 0 46 1 66 0 65 0 65 0 66 0 66 0 45 1 65 0 46 1 66 0 65 0 65 0 66 0 66 0 45 1 65 0 46 1 66 0 65 0 65 0 66 0 66 0 45 1 65 0 46 1 66 0 65 0 65 0 66 0 66 0 42 1 62 0 42 1 62 0 62 0 62 0 62 0 62 0 42 1 62 0 42 1 62 0 62 0 62 0 62 0 62 0 42 1 62 0 42 1 62 0 62 0 62 0 62 0 62 0 42 1 62 0 42 1 62 0 62 0 62 0 62 0 62 0 46 1 66 0 46 1 66 0 66 0 66 0 66 0 66 0 46 1 66 0 46 1 66 0 66 0 66 0 66 0 66 0 46 1 66 0 46 1 66 0 66 0 66 0 66 0 66 0 46 1 66 0 46 1 66 0 66 0 66 0 66 0 66 0 	0	1	5 0 0 0 0 	1 1 2 1 0 
67 41 1 61 0 41 1 61 0 61 0 61 0 61 0 61 0 41 1 61 0 41 1 61 0 61 0 61 0 61 0 61 0 43 1 63 0 43 1 63 0 63 0 63 0 63 0 63 0 43 1 63 0 43 1 63 0 63 0 63 0 63 0 63 0 45 1 65 0 45 1 65 0 65 0 65 0 65 0 65 0 45 1 65 0 45 1 65 0 65 0 65 0 65 0 65 0 47 1 67 0 47 1 67 0 67 0 67 0 67 0 67 0 47 1 67 0 47 1 67 0 67 0 67 0 67 0 67 0 41 1 61 0 41 1 61 0 61 0 61 0 61 0 61 0 41 1 61 0 41 1 61 0 61 0 61 0 61 0 61 0 43 1 63 0 43 1 63 0 63 0 63 0 63 0 63 0 43 1 63 0 43 1 63 0 63 0 63 0 63 0 63 0 45 1 65 0 45 1 65 0 65 0 65 0 65 0 65 0 45 1 65 0 45 1 65 0 65 0 65 0 65 0 65 0 47 1 67 0 47 1 67 0 67 0 67 0 67 0 67 0 47 1 67 0 47 1 67 0 67 0 67 0 67 0 67 0 	0	1	5 0 0 0 0 	2 1 1 1 0 
68 42 1 62 0 60 0 68 0 62 0 62 0 68 0 68 0 42 1 62 0 60 0 68 0 62 0 62 0 68 0 68 0 42 1 62 0 60 0 68 0 62 0 62 0 68 0 68 0 42 1 62 0 60 0 68 0 62 0 62 0 68 0 68 0 46 1 66 0 60 0 68 0 66 0 66 0 68 0 68 0 46 1 66 0 60 0 68 0 66 0 66 0 68 0 68 0 46 1 66 0 60 0 68 0 66 0 66 0 68 0 68 0 46 1 66 0 60 0 68 0 66 0 66 0 68 0 68 0 60 0 68 0 60 0 68 0 68 0 68 0 68 0 68 0 60 0 68 0 60 0 68 0 68 0 68 0 68 0 68 0 60 0 68 0 60 0 68 0 68 0 68 0 68 0 68 0 60 0 68 0 60 0 68 0 68 0 68 0 68 0 68 0 60 0 68 0 60 0 68 0 68 0 68 0 68 0 68 0 60 0 68 0 60 0 68 0 68 0 68 0 68 0 68 0 60 0 68 0 60 0 68 0 68 0 68 0 68 0 68 0 60 0 68 0 60 0 68 0 68 0 68 0 68 0 68 0 	0	2	1 5 0 0 0 	0 1 2 1 0 
69 47 1 67 0 47 1 67 0 67 0 67 0 67 0 67 0 47 1 67 0 47 1 67 0 67 0 67 0 67 0 67 0 48 0 69 0 48 0 69 0 69 0 69 0 69 0 69 0 48 0 69 0 48 0 69 0 69 0 69 0 69 0 69 0 47 1 67 0 47 1 67 0 67 0 67 0 67 0 67 0 47 1 67 0 47 1 67 0 67 0 67 0 67 0 67 0 48 0 69 0 48 0 69 0 69 0 69 0 69 0 69 0 48 0 69 0 48 0 69 0 69 0 69 0 69 0 69 0 47 1 67 0 47 1 67 0 67 0 67 0 67 0 67 0 47 1 67 0 47 1 67 0 67 0 67 0 67 0 67 0 48 0 69 0 48 0 69 0 69 0 69 0 69 0 69 0 48 0 69 0 48 0 69 0 69 0 69 0 69 0 69 0 47 1 67 0 47 1 67 0 67 0 67 0 67 0 67 0 47 1 67 0 47 1 67 0 67 0 67 0 67 0 67 0 48 0 69 0 48 0 69 0 69 0 69 0 69 0 69 0 48 0 69 0 48 0 69 0 69 0 69 0 69 0 69 0 	0	2	3 5 0 0 0 	2 1 0 1 0 
70 73 1 78 0 43 1 63 0 78 0 78 0 63 0 63 0 74 0 79 0 49 0 70 0 79 0 79 0 70 0 70 0 73 1 78 0 43 1 63 0 78 0 78 0 63 0 63 0 74 0 79 0 49 0 70 0 79 0 79 0 70 0 70 0 73 1 78 0 43 1 63 0 78 0 78 0 63 0 63 0 74 0 79 0 49 0 70 0 79 0 79 0 70 0 70 0 73 1 78 0 43 1 63 0 78 0 78 0 63 0 63 0 74 0 79 0 49 0 70 0 79 0 79 0 70 0 70 0 43 1 63 0 43 1 63 0 63 0 63 0 63 0 63 0 49 0 70 0 49 0 70 0 70 0 70 0 70 0 70 0 43 1 63 0 43 1 63 0 63 0 63 0 63 0 63 0 49 0 70 0 49 0 70 0 70 0 70 0 70 0 70 0 43 1 63 0 43 1 63 0 63 0 63 0 63 0 63 0 49 0 70 0 49 0 70 0 70 0 70 0 70 0 70 0 43 1 63 0 43 1 63 0 63 0 63 0 63 0 63 0 49 0 70 0 49 0 70 0 70 0 70 0 70 0 70 0 	0	2	4 5 0 0 0 	2 2 1 0 0 
71 43 1 63 0 44 1 64 0 63 0 63 0 64 0 64 0 49 0 70 0 50 0 71 0 70 0 70 0 71 0 71 0 43 1 63 0 44 1 64 0 63 0 63 0 64 0 64 0 49 0 70 0 50 0 71 0 70 0 70 0 71 0 71 0 43 1 63 0 44 1 64 0 63 0 63 0 64 0 64 0 49 0 70 0 50 0 71 0 70 0 70 0 71 0 71 0 43 1 63 0 44 1 64 0 63 0 63 0 64 0 64 0 49 0 70 0 50 0 71 0 70 0 70 0 71 0 71 0 44 1 64 0 44 1 64 0 64 0 64 0 64 0 64 0 50 0 71 0 50 0 71 0 71 0 71 0 71 0 71 0 44 1 64 0 44 1 64 0 64 0 64 0 64 0 64 0 50 0 71 0 50 0 71 0 71 0 71 0 71 0 71 0 44 1 64 0 44 1 64 0 64 0 64 0 64 0 64 0 50 0 71 0 50 0 71 0 71 0 71 0 71 0 71 0 44 1 64 0 44 1 64 0 64 0 64 0 64 0 64 0 50 0 71 0 50 0 71 0 71 0 71 0 71 0 71 0 	0	2	4 5 0 0 0 	1 2 1 0 0 
72 43 1 63 0 43 1 63 0 63 0 63 0 63 0 63 0 49 0 70 0 49 0 70 0 70 0 70 0 70 0 70 0 43 1 63 0 43 1 63 0 63 0 63 0 63 0 63 0 49 0 70 0 49 0 70 0 70 0 70 0 70 0 70 0 47 1 67 0 47 1 67 0 67 0 67 0 67 0 67 0 51 0 72 0 51 0 72 0 72 0 72 0 72 0 72 0 47 1 67 0 47 1 67 0 67 0 67 0 67 0 67 0 51 0 72 0 51 0 72 0 72 0 72 0 72 0 72 0 43 1 63 0 43 1 63 0 63 0 63 0 63 0 63 0 49 0 70 0 49 0 70 0 70 0 70 0 70 0 70 0 43 1 63 0 43 1 63 0 63 0 63 0 63 0 63 0 49 0 70 0 49 0 70 0 70 0 70 0 70 0 70 0 47 1 67 0 47 1 67 0 67 0 67 0 67 0 67 0 51 0 72 0 51 0 72 0 72 0 72 0 72 0 72 0 47 1 67 0 47 1 67 0 67 0 67 0 67 0 67 0 51 0 72 0 51 0 72 0 72 0 72 0 72 0 72 0 	0	2	4 5 0 0 0 	2 1 1 0 0 
73 47 1 67 0 47 1 67 0 67 0 67 0 67 0 67 0 51 0 72 0 51 0 72 0 72 0 72 0 72 0 72 0 48 0 69 0 48 0 69 0 69 0 69 0 69 0 69 0 52 0 73 0 52 0 73 0 73 0 73 0 73 0 73 0 47 1 67 0 47 1 67 0 67 0 67 0 67 0 67 0 51 0 72 0 51 0 72 0 72 0 72 0 72 0 72 0 48 0 69 0 48 0 69 0 69 0 69 0 69 0 69 0 52 0 73 0 52 0 73 0 73 0 73 0 73 0 73 0 47 1 67 0 47 1 67 0 67 0 67 0 67 0 67 0 51 0 72 0 51 0 72 0 72 0 72 0 72 0 72 0 48 0 69 0 48 0 69 0 69 0 69 0 69 0 69 0 52 0 73 0 52 0 73 0 73 0 73 0 73 0 73 0 47 1 67 0 47 1 67 0 67 0 67 0 67 0 67 0 51 0 72 0 51 0 72 0 72 0 72 0 72 0 72 0 48 0 69 0 48 0 69 0 69 0 69 0 69 0 69 0 52 0 73 0 52 0 73 0 73 0 73 0 73 0 73 0 	0	3	3 4 5 0 0 	2 1 0 0 0 
74 52 1 73 1 52 1 73 1 73 1 73 1 73 1 73 1 74 0 74 0 74 0 74 0 74 0 74 0 74 0 74 0 52 1 73 1 52 1 73 1 73 1 73 1 73 1 73 1 74 0 74 0 74 0 74 0 74 0 74 0 74 0 74 0 52 1 73 1 52 1 73 1 73 1 73 1 73 1 73 1 74 0 74 0 74 0 74 0 74 0 74 0 74 0 74 0 52 1 73 1 52 1 73 1 73 1 73 1 73 1 73 1 74 0 74 0 74 0 74 0 74 0 74 0 74 0 74 0 52 1 73 1 52 1 73 1 73 1 73 1 73 1 73 1 74 0 74 0 74 0 74 0 74 0 74 0 74 0 74 0 52 1 73 1 52 1 73 1 73 1 73 1 73 1 73 1 74 0 74 0 74 0 74 0 74 0 74 0 74 0 74 0 52 1 73 1 52 1 73 1 73 1 73 1 73 1 73 1 74 0 74 0 74 0 74 0 74 0 74 0 74 0 74 0 52 1 73 1 52 1 73 1 73 1 73 1 73 1 73 1 74 0 74 0 74 0 74 0 74 0 74 0 74 0 74 0 	0	1	4 0 0 0 0 	3 2 1 0 1 
75 79 1 80 0 70 1 75 0 80 0 80 0 75 0 75 0 79 1 80 0 70 1 75 0 80 0 80 0 75 0 75 0 79 1 80 0 70 1 75 0 80 0 80 0 75 0 75 0 79 1 80 0 70 1 75 0 80 0 80 0 75 0 75 0 79 1 80 0 70 1 75 0 80 0 80 0 75 0 75 0 79 1 80 0 70 1 75 0 80 0 80 0 75 0 75 0 79 1 80 0 70 1 75 0 80 0 80 0 75 0 75 0 79 1 80 0 70 1 75 0 80 0 80 0 75 0 75 0 70 1 75 0 70 1 75 0 75 0 75 0 75 0 75 0 70 1 75 0 70 1 75 0 75 0 75 0 75 0 75 0 70 1 75 0 70 1 75 0 75 0 75 0 75 0 75 0 70 1 75 0 70 1 75 0 75 0 75 0 75 0 75 0 70 1 75 0 70 1 75 0 75 0 75 0 75 0 75 0 70 1 75 0 70 1 75 0 75 0 75 0 75 0 75 0 70 1 75 0 70 1 75 0 75 0 75 0 75 0 75 0 70 1 75 0 70 1 75 0 75 0 75 0 75 0 75 0 	0	1	5 0 0 0 0 	3 3 2 1 0 
76 70 1 75 0 71 1 76 0 75 0 75 0 76 0 76 0 70 1 75 0 71 1 76 0 75 0 75 0 76 0 76 0 70 1 75 0 71 1 76 0 75 0 75 0 76 0 76 0 70 1 75 0 71 1 76 0 75 0 75 0 76 0 76 0 70 1 75 0 71 1 76 0 75 0 75 0 76 0 76 0 70 1 75 0 71 1 76 0 75 0 75 0 76 0 76 0 70 1 75 0 71 1 76 0 75 0 75 0 76 0 76 0 70 1 75 0 71 1 76 0 75 0 75 0 76 0 76 0 71 1 76 0 71 1 76 0 76 0 76 0 76 0 76 0 71 1 76 0 71 1 76 0 76 0 76 0 76 0 76 0 71 1 76 0 71 1 76 0 76 0 76 0 76 0 76 0 71 1 76 0 71 1 76 0 76 0 76 0 76 0 76 0 71 1 76 0 71 1 76 0 76 0 76 0 76 0 76 0 71 1 76 0 71 1 76 0 76 0 76 0 76 0 76 0 71 1 76 0 71 1 76 0 76 0 76 0 76 0 76 0 71 1 76 0 71 1 76 0 76 0 76 0 76 0 76 0 	0	1	5 0 0 0 0 	2 3 2 1 0 
77 70 1 75 0 70 1 75 0 75 0 75 0 75 0 75 0 70 1 75 0 70 1 75 0 75 0 75 0 75 0 75 0 70 1 75 0 70 1 75 0 75 0 75 0 75 0 75 0 70 1 75 0 70 1 75 0 75 0 75 0 75 0 75 0 72 1 77 0 72 1 77 0 77 0 77 0 77 0 77 0 72 1 77 0 72 1 77 0 77 0 77 0 77 0 77 0 72 1 77 0 72 1 77 0 77 0 77 0 77 0 77 0 72 1 77 0 72 1 77 0 77 0 77 0 77 0 77 0 70 1 75 0 70 1 75 0 75 0 75 0 75 0 75 0 70 1 75 0 70 1 75 0 75 0 75 0 75 0 75 0 70 1 75 0 70 1 75 0 75 0 75 0 75 0 75 0 70 1 75 0 70 1 75 0 75 0 75 0 75 0 75 0 72 1 77 0 72 1 77 0 77 0 77 0 77 0 77 0 72 1 77 0 72 1 77 0 77 0 77 0 77 0 77 0 72 1 77 0 72 1 77 0 77 0 77 0 77 0 77 0 72 1 77 0 72 1 77 0 77 0 77 0 77 0 77 0 	0	1	5 0 0 0 0 	3 2 2 1 0 
78 72 1 77 0 72 1 77 0 77 0 77 0 77 0 77 0 72 1 77 0 72 1 77 0 77 0 77 0 77 0 77 0 73 1 78 0 73 1 78 0 78 0 78 0 78 0 78 0 73 1 78 0 73 1 78 0 78 0 78 0 78 0 78 0 72 1 77 0 72 1 77 0 77 0 77 0 77 0 77 0 72 1 77 0 72 1 77 0 77 0 77 0 77 0 77 0 73 1 78 0 73 1 78 0 78 0 78 0 78 0 78 0 73 1 78 0 73 1 78 0 78 0 78 0 78 0 78 0 72 1 77 0 72 1 77 0 77 0 77 0 77 0 77 0 72 1 77 0 72 1 77 0 77 0 77 0 77 0 77 0 73 1 78 0 73 1 78 0 78 0 78 0 78 0 78 0 73 1 78 0 73 1 78 0 78 0 78 0 78 0 78 0 72 1 77 0 72 1 77 0 77 0 77 0 77 0 77 0 72 1 77 0 72 1 77 0 77 0 77 0 77 0 77 0 73 1 78 0 73 1 78 0 78 0 78 0 78 0 78 0 73 1 78 0 73 1 78 0 78 0 78 0 78 0 78 0 	0	1	5 0 0 0 0 	3 2 1 1 0 
79 73 1 78 0 73 1 78 0 78 0 78 0 78 0 78 0 74 0 79 0 74 0 79 0 79 0 79 0 79 0 79 0 73 1 78 0 73 1 78 0 78 0 78 0 78 0 78 0 74 0 79 0 74 0 79 0 79 0 79 0 79 0 79 0 73 1 78 0 73 1 78 0 78 0 78 0 78 0 78 0 74 0 79 0 74 0 79 0 79 0 79 0 79 0 79 0 73 1 78 0 73 1 78 0 78 0 78 0 78 0 78 0 74 0 79 0 74 0 79 0 79 0 79 0 79 0 79 0 73 1 78 0 73 1 78 0 78 0 78 0 78 0 78 0 74 0 79 0 74 0 79 0 79 0 79 0 79 0 79 0 73 1 78 0 73 1 78 0 78 0 78 0 78 0 78 0 74 0 79 0 74 0 79 0 79 0 79 0 79 0 79 0 73 1 78 0 73 1 78 0 78 0 78 0 78 0 78 0 74 0 79 0 74 0 79 0 79 0 79 0 79 0 79 0 73 1 78 0 73 1 78 0 78 0 78 0 78 0 78 0 74 0 79 0 74 0 79 0 79 0 79 0 79 0 79 0 	0	2	4 5 0 0 0 	3 2 1 0 0 
80 79 1 80 0 79 1 80 0 80 0 80 0 80 0 80 0 79 1 80 0 79 1 80 0 80 0 80 0 80 0 80 0 79 1 80 0 79 1 80 0 80 0 80 0 80 0 80 0 79 1 80 0 79 1 80 0 80 0 80 0 80 0 80 0 79 1 80 0 79 1 80 0 80 0 80 0 80 0 80 0 79 1 80 0 79 1 80 0 80 0 80 0 80 0 80 0 79 1 80 0 79 1 80 0 80 0 80 0 80 0 80 0 79 1 80 0 79 1 80 0 80 0 80 0 80 0 80 0 79 1 80 0 79 1 80 0 80 0 80 0 80 0 80 0 79 1 80 0 79 1 80 0 80 0 80 0 80 0 80 0 79 1 80 0 79 1 80 0 80 0 80 0 80 0 80 0 79 1 80 0 79 1 80 0 80 0 80 0 80 0 80 0 79 1 80 0 79 1 80 0 80 0 80 0 80 0 80 0 79 1 80 0 79 1 80 0 80 0 80 0 80 0 80 0 79 1 80 0 79 1 80 0 80 0 80 0 80 0 80 0 79 1 80 0 79 1 80 0 80 0 80 0 80 0 80 0 	0	1	5 0 0 0 0 	4 3 2 1 0 
