5 5 32 81
0 1 1 2 1 1 1 2 1 2 1 2 1 2 1 2 1 3 1 3 1 3 1 3 1 3 1 3 1 3 1 3 1 4 1 4 1 4 1 4 1 4 1 4 1 4 1 4 1 4 1 4 1 4 1 4 1 4 1 4 1 4 1 4 1 0 0 0 0 0 0 0 0 0 0 0 0 0 0 0 0 0 0 0 0 0 0 0 0 0 0 0 0 0 0 0 0 0 0 0 0 0 0 0 0 0 0 0 0 0 0 0 0 0 0 0 0 0 0 0 0 0 0 0 0 0 0 0 0 1 1 2 1 1 1 2 1 2 1 2 1 2 1 2 1 3 1 3 1 3 1 3 1 3 1 3 1 3 1 3 1 4 1 4 1 4 1 4 1 4 1 4 1 4 1 4 1 4 1 4 1 4 1 4 1 4 1 4 1 4 1 4 1 0 0 0 0 0 0 0 0 0 0 0 0 0 0 0 0 0 0 0 0 0 0 0 0 0 0 0 0 0 0 0 0 0 0 0 0 0 0 0 0 0 0 0 0 0 0 0 0 0 0 0 0 0 0 0 0 0 0 0 0 0 0 0 0 	0	1	2 0 0 0 0 	1 0 1 2 3 
1 1 1 2 1 5 0 6 0 2 1 2 1 6 0 6 0 3 1 3 1 7 0 7 0 3 1 3 1 7 0 7 0 4 1 4 1 8 0 8 0 4 1 4 1 8 0 8 0 4 1 4 1 8 0 8 0 4 1 4 1 8 0 8 0 0 0 0 0 1 0 1 0 0 0 0 0 1 0 1 0 0 0 0 0 1 0 1 0 0 0 0 0 1 0 1 0 0 0 0 0 1 0 1 0 0 0 0 0 1 0 1 0 0 0 0 0 1 0 1 0 0 0 0 0 1 0 1 0 5 0 6 0 5 0 6 0 6 0 6 0 6 0 6 0 7 0 7 0 7 0 7 0 7 0 7 0 7 0 7 0 8 0 8 0 8 0 8 0 8 0 8 0 8 0 8 0 8 0 8 0 8 0 8 0 8 0 8 0 8 0 8 0 1 0 1 0 1 0 1 0 1 0 1 0 1 0 1 0 1 0 1 0 1 0 1 0 1 0 1 0 1 0 1 0 1 0 1 0 1 0 1 0 1 0 1 0 1 0 1 0 1 0 1 0 1 0 1 0 1 0 1 0 1 0 1 0 	0	2	1 2 0 0 0 	0 0 1 2 3 
2 2 1 9 1 6 0 10 0 9 1 9 1 10 0 10 0 3 1 11 1 7 0 12 0 11 1 11 1 12 0 12 0 4 1 13 1 8 0 14 0 13 1 13 1 14 0 14 0 4 1 13 1 8 0 14 0 13 1 13 1 14 0 14 0 0 0 15 0 1 0 2 0 15 0 15 0 2 0 2 0 0 0 15 0 1 0 2 0 15 0 15 0 2 0 2 0 0 0 15 0 1 0 2 0 15 0 15 0 2 0 2 0 0 0 15 0 1 0 2 0 15 0 15 0 2 0 2 0 6 0 10 0 6 0 10 0 10 0 10 0 10 0 10 0 7 0 12 0 7 0 12 0 12 0 12 0 12 0 12 0 8 0 14 0 8 0 14 0 14 0 14 0 14 0 14 0 8 0 14 0 8 0 14 0 14 0 14 0 14 0 14 0 1 0 2 0 1 0 2 0 2 0 2 0 2 0 2 0 1 0 2 0 1 0 2 0 2 0 2 0 2 0 2 0 1 0 2 0 1 0 2 0 2 0 2 0 2 0 2 0 1 0 2 0 1 0 2 0 2 0 2 0 2 0 2 0 	0	2	1 2 0 0 0 	0 0 1 2 2 
3 3 1 11 1 7 0 12 0 11 1 11 1 12 0 12 0 16 1 16 1 17 0 17 0 16 1 16 1 17 0 17 0 4 1 13 1 8 0 14 0 13 1 13 1 14 0 14 0 18 1 18 1 19 0 19 0 18 1 18 1 19 0 19 0 0 0 15 0 1 0 2 0 15 0 15 0 2 0 2 0 20 0 20 0 3 0 3 0 20 0 20 0 3 0 3 0 0 0 15 0 1 0 2 0 15 0 15 0 2 0 2 0 20 0 20 0 3 0 3 0 20 0 20 0 3 0 3 0 7 0 12 0 7 0 12 0 12 0 12 0 12 0 12 0 17 0 17 0 17 0 17 0 17 0 17 0 17 0 17 0 8 0 14 0 8 0 14 0 14 0 14 0 14 0 14 0 19 0 19 0 19 0 19 0 19 0 19 0 19 0 19 0 1 0 2 0 1 0 2 0 2 0 2 0 2 0 2 0 3 0 3 0 3 0 3 0 3 0 3 0 3 0 3 0 1 0 2 0 1 0 2 0 2 0 2 0 2 0 2 0 3 0 3 0 3 0 3 0 3 0 3 0 3 0 3 0 	0	2	1 2 0 0 0 	0 0 1 1 2 
4 4 1 13 1 8 0 14 0 13 1 13 1 14 0 14 0 18 1 18 1 19 0 19 0 18 1 18 1 19 0 19 0 21 0 21 0 22 0 22 0 21 0 21 0 22 0 22 0 21 0 21 0 22 0 22 0 21 0 21 0 22 0 22 0 0 0 15 0 1 0 2 0 15 0 15 0 2 0 2 0 20 0 20 0 3 0 3 0 20 0 20 0 3 0 3 0 23 0 23 0 4 0 4 0 23 0 23 0 4 0 4 0 23 0 23 0 4 0 4 0 23 0 23 0 4 0 4 0 8 0 14 0 8 0 14 0 14 0 14 0 14 0 14 0 19 0 19 0 19 0 19 0 19 0 19 0 19 0 19 0 22 0 22 0 22 0 22 0 22 0 22 0 22 0 22 0 22 0 22 0 22 0 22 0 22 0 22 0 22 0 22 0 1 0 2 0 1 0 2 0 2 0 2 0 2 0 2 0 3 0 3 0 3 0 3 0 3 0 3 0 3 0 3 0 4 0 4 0 4 0 4 0 4 0 4 0 4 0 4 0 4 0 4 0 4 0 4 0 4 0 4 0 4 0 4 0 	0	3	1 2 3 0 0 	0 0 0 1 2 
5 5 1 6 1 5 0 5 0 6 1 6 1 5 0 5 0 7 1 7 1 5 0 5 0 7 1 7 1 5 0 5 0 8 1 8 1 5 0 5 0 8 1 8 1 5 0 5 0 8 1 8 1 5 0 5 0 8 1 8 1 5 0 5 0 1 1 1 1 5 0 5 0 1 1 1 1 5 0 5 0 1 1 1 1 5 0 5 0 1 1 1 1 5 0 5 0 1 1 1 1 5 0 5 0 1 1 1 1 5 0 5 0 1 1 1 1 5 0 5 0 1 1 1 1 5 0 5 0 5 0 5 0 5 0 5 0 5 0 5 0 5 0 5 0 5 0 5 0 5 0 5 0 5 0 5 0 5 0 5 0 5 0 5 0 5 0 5 0 5 0 5 0 5 0 5 0 5 0 5 0 5 0 5 0 5 0 5 0 5 0 5 0 5 0 5 0 5 0 5 0 5 0 5 0 5 0 5 0 5 0 5 0 5 0 5 0 5 0 5 0 5 0 5 0 5 0 5 0 5 0 5 0 5 0 5 0 5 0 5 0 5 0 5 0 5 0 5 0 5 0 5 0 5 0 5 0 	0	1	1 0 0 0 0 	0 1 2 3 4 
6 6 1 10 1 5 0 6 0 10 1 10 1 6 0 6 0 7 1 12 1 5 0 6 0 12 1 12 1 6 0 6 0 8 1 14 1 5 0 6 0 14 1 14 1 6 0 6 0 8 1 14 1 5 0 6 0 14 1 14 1 6 0 6 0 1 1 2 1 5 0 6 0 2 1 2 1 6 0 6 0 1 1 2 1 5 0 6 0 2 1 2 1 6 0 6 0 1 1 2 1 5 0 6 0 2 1 2 1 6 0 6 0 1 1 2 1 5 0 6 0 2 1 2 1 6 0 6 0 5 0 6 0 5 0 6 0 6 0 6 0 6 0 6 0 5 0 6 0 5 0 6 0 6 0 6 0 6 0 6 0 5 0 6 0 5 0 6 0 6 0 6 0 6 0 6 0 5 0 6 0 5 0 6 0 6 0 6 0 6 0 6 0 5 0 6 0 5 0 6 0 6 0 6 0 6 0 6 0 5 0 6 0 5 0 6 0 6 0 6 0 6 0 6 0 5 0 6 0 5 0 6 0 6 0 6 0 6 0 6 0 5 0 6 0 5 0 6 0 6 0 6 0 6 0 6 0 	0	1	1 0 0 0 0 	0 1 2 3 3 
7 7 1 12 1 5 0 6 0 12 1 12 1 6 0 6 0 17 1 17 1 7 0 7 0 17 1 17 1 7 0 7 0 8 1 14 1 5 0 6 0 14 1 14 1 6 0 6 0 19 1 19 1 7 0 7 0 19 1 19 1 7 0 7 0 1 1 2 1 5 0 6 0 2 1 2 1 6 0 6 0 3 1 3 1 7 0 7 0 3 1 3 1 7 0 7 0 1 1 2 1 5 0 6 0 2 1 2 1 6 0 6 0 3 1 3 1 7 0 7 0 3 1 3 1 7 0 7 0 5 0 6 0 5 0 6 0 6 0 6 0 6 0 6 0 7 0 7 0 7 0 7 0 7 0 7 0 7 0 7 0 5 0 6 0 5 0 6 0 6 0 6 0 6 0 6 0 7 0 7 0 7 0 7 0 7 0 7 0 7 0 7 0 5 0 6 0 5 0 6 0 6 0 6 0 6 0 6 0 7 0 7 0 7 0 7 0 7 0 7 0 7 0 7 0 5 0 6 0 5 0 6 0 6 0 6 0 6 0 6 0 7 0 7 0 7 0 7 0 7 0 7 0 7 0 7 0 	0	1	1 0 0 0 0 	0 1 2 2 3 
8 8 1 14 1 5 0 6 0 14 1 14 1 6 0 6 0 19 1 19 1 7 0 7 0 19 1 19 1 7 0 7 0 22 1 22 1 8 0 8 0 22 1 22 1 8 0 8 0 22 1 22 1 8 0 8 0 22 1 22 1 8 0 8 0 1 1 2 1 5 0 6 0 2 1 2 1 6 0 6 0 3 1 3 1 7 0 7 0 3 1 3 1 7 0 7 0 4 1 4 1 8 0 8 0 4 1 4 1 8 0 8 0 4 1 4 1 8 0 8 0 4 1 4 1 8 0 8 0 5 0 6 0 5 0 6 0 6 0 6 0 6 0 6 0 7 0 7 0 7 0 7 0 7 0 7 0 7 0 7 0 8 0 8 0 8 0 8 0 8 0 8 0 8 0 8 0 8 0 8 0 8 0 8 0 8 0 8 0 8 0 8 0 5 0 6 0 5 0 6 0 6 0 6 0 6 0 6 0 7 0 7 0 7 0 7 0 7 0 7 0 7 0 7 0 8 0 8 0 8 0 8 0 8 0 8 0 8 0 8 0 8 0 8 0 8 0 8 0 8 0 8 0 8 0 8 0 	0	1	1 0 0 0 0 	0 1 1 2 3 
9 11 1 24 1 12 0 25 0 24 1 24 1 25 0 25 0 11 1 24 1 12 0 25 0 24 1 24 1 25 0 25 0 13 1 26 1 14 0 27 0 26 1 26 1 27 0 27 0 13 1 26 1 14 0 27 0 26 1 26 1 27 0 27 0 15 0 28 0 2 0 9 0 28 0 28 0 9 0 9 0 15 0 28 0 2 0 9 0 28 0 28 0 9 0 9 0 15 0 28 0 2 0 9 0 28 0 28 0 9 0 9 0 15 0 28 0 2 0 9 0 28 0 28 0 9 0 9 0 12 0 25 0 12 0 25 0 25 0 25 0 25 0 25 0 12 0 25 0 12 0 25 0 25 0 25 0 25 0 25 0 14 0 27 0 14 0 27 0 27 0 27 0 27 0 27 0 14 0 27 0 14 0 27 0 27 0 27 0 27 0 27 0 2 0 9 0 2 0 9 0 9 0 9 0 9 0 9 0 2 0 9 0 2 0 9 0 9 0 9 0 9 0 9 0 2 0 9 0 2 0 9 0 9 0 9 0 9 0 9 0 2 0 9 0 2 0 9 0 9 0 9 0 9 0 9 0 	0	2	1 2 0 0 0 	0 0 1 2 1 
10 12 1 25 1 6 0 10 0 25 1 25 1 10 0 10 0 12 1 25 1 6 0 10 0 25 1 25 1 10 0 10 0 14 1 27 1 6 0 10 0 27 1 27 1 10 0 10 0 14 1 27 1 6 0 10 0 27 1 27 1 10 0 10 0 2 1 9 1 6 0 10 0 9 1 9 1 10 0 10 0 2 1 9 1 6 0 10 0 9 1 9 1 10 0 10 0 2 1 9 1 6 0 10 0 9 1 9 1 10 0 10 0 2 1 9 1 6 0 10 0 9 1 9 1 10 0 10 0 6 0 10 0 6 0 10 0 10 0 10 0 10 0 10 0 6 0 10 0 6 0 10 0 10 0 10 0 10 0 10 0 6 0 10 0 6 0 10 0 10 0 10 0 10 0 10 0 6 0 10 0 6 0 10 0 10 0 10 0 10 0 10 0 6 0 10 0 6 0 10 0 10 0 10 0 10 0 10 0 6 0 10 0 6 0 10 0 10 0 10 0 10 0 10 0 6 0 10 0 6 0 10 0 10 0 10 0 10 0 10 0 6 0 10 0 6 0 10 0 10 0 10 0 10 0 10 0 	0	1	1 0 0 0 0 	0 1 2 3 2 
11 11 1 24 1 12 0 25 0 24 1 24 1 25 0 25 0 16 1 29 1 17 0 30 0 29 1 29 1 30 0 30 0 13 1 26 1 14 0 27 0 26 1 26 1 27 0 27 0 18 1 31 1 19 0 32 0 31 1 31 1 32 0 32 0 15 0 28 0 2 0 9 0 28 0 28 0 9 0 9 0 20 0 33 0 3 0 11 0 33 0 33 0 11 0 11 0 15 0 28 0 2 0 9 0 28 0 28 0 9 0 9 0 20 0 33 0 3 0 11 0 33 0 33 0 11 0 11 0 12 0 25 0 12 0 25 0 25 0 25 0 25 0 25 0 17 0 30 0 17 0 30 0 30 0 30 0 30 0 30 0 14 0 27 0 14 0 27 0 27 0 27 0 27 0 27 0 19 0 32 0 19 0 32 0 32 0 32 0 32 0 32 0 2 0 9 0 2 0 9 0 9 0 9 0 9 0 9 0 3 0 11 0 3 0 11 0 11 0 11 0 11 0 11 0 2 0 9 0 2 0 9 0 9 0 9 0 9 0 9 0 3 0 11 0 3 0 11 0 11 0 11 0 11 0 11 0 	0	2	1 2 0 0 0 	0 0 1 1 1 
12 12 1 25 1 6 0 10 0 25 1 25 1 10 0 10 0 17 1 30 1 7 0 12 0 30 1 30 1 12 0 12 0 14 1 27 1 6 0 10 0 27 1 27 1 10 0 10 0 19 1 32 1 7 0 12 0 32 1 32 1 12 0 12 0 2 1 9 1 6 0 10 0 9 1 9 1 10 0 10 0 3 1 11 1 7 0 12 0 11 1 11 1 12 0 12 0 2 1 9 1 6 0 10 0 9 1 9 1 10 0 10 0 3 1 11 1 7 0 12 0 11 1 11 1 12 0 12 0 6 0 10 0 6 0 10 0 10 0 10 0 10 0 10 0 7 0 12 0 7 0 12 0 12 0 12 0 12 0 12 0 6 0 10 0 6 0 10 0 10 0 10 0 10 0 10 0 7 0 12 0 7 0 12 0 12 0 12 0 12 0 12 0 6 0 10 0 6 0 10 0 10 0 10 0 10 0 10 0 7 0 12 0 7 0 12 0 12 0 12 0 12 0 12 0 6 0 10 0 6 0 10 0 10 0 10 0 10 0 10 0 7 0 12 0 7 0 12 0 12 0 12 0 12 0 12 0 	0	1	1 0 0 0 0 	0 1 2 2 2 
13 13 1 26 1 14 0 27 0 26 1 26 1 27 0 27 0 18 1 31 1 19 0 32 0 31 1 31 1 32 0 32 0 21 0 34 0 22 0 35 0 34 0 34 0 35 0 35 0 21 0 34 0 22 0 35 0 34 0 34 0 35 0 35 0 15 0 28 0 2 0 9 0 28 0 28 0 9 0 9 0 20 0 33 0 3 0 11 0 33 0 33 0 11 0 11 0 23 0 36 0 4 0 13 0 36 0 36 0 13 0 13 0 23 0 36 0 4 0 13 0 36 0 36 0 13 0 13 0 14 0 27 0 14 0 27 0 27 0 27 0 27 0 27 0 19 0 32 0 19 0 32 0 32 0 32 0 32 0 32 0 22 0 35 0 22 0 35 0 35 0 35 0 35 0 35 0 22 0 35 0 22 0 35 0 35 0 35 0 35 0 35 0 2 0 9 0 2 0 9 0 9 0 9 0 9 0 9 0 3 0 11 0 3 0 11 0 11 0 11 0 11 0 11 0 4 0 13 0 4 0 13 0 13 0 13 0 13 0 13 0 4 0 13 0 4 0 13 0 13 0 13 0 13 0 13 0 	0	3	1 2 3 0 0 	0 0 0 1 1 
14 14 1 27 1 6 0 10 0 27 1 27 1 10 0 10 0 19 1 32 1 7 0 12 0 32 1 32 1 12 0 12 0 22 1 35 1 8 0 14 0 35 1 35 1 14 0 14 0 22 1 35 1 8 0 14 0 35 1 35 1 14 0 14 0 2 1 9 1 6 0 10 0 9 1 9 1 10 0 10 0 3 1 11 1 7 0 12 0 11 1 11 1 12 0 12 0 4 1 13 1 8 0 14 0 13 1 13 1 14 0 14 0 4 1 13 1 8 0 14 0 13 1 13 1 14 0 14 0 6 0 10 0 6 0 10 0 10 0 10 0 10 0 10 0 7 0 12 0 7 0 12 0 12 0 12 0 12 0 12 0 8 0 14 0 8 0 14 0 14 0 14 0 14 0 14 0 8 0 14 0 8 0 14 0 14 0 14 0 14 0 14 0 6 0 10 0 6 0 10 0 10 0 10 0 10 0 10 0 7 0 12 0 7 0 12 0 12 0 12 0 12 0 12 0 8 0 14 0 8 0 14 0 14 0 14 0 14 0 14 0 8 0 14 0 8 0 14 0 14 0 14 0 14 0 14 0 	0	1	1 0 0 0 0 	0 1 1 2 2 
15 2 1 9 1 2 1 9 1 9 1 9 1 9 1 9 1 3 1 11 1 3 1 11 1 11 1 11 1 11 1 11 1 4 1 13 1 4 1 13 1 13 1 13 1 13 1 13 1 4 1 13 1 4 1 13 1 13 1 13 1 13 1 13 1 0 0 15 0 0 0 15 0 15 0 15 0 15 0 15 0 0 0 15 0 0 0 15 0 15 0 15 0 15 0 15 0 0 0 15 0 0 0 15 0 15 0 15 0 15 0 15 0 0 0 15 0 0 0 15 0 15 0 15 0 15 0 15 0 2 1 9 1 2 1 9 1 9 1 9 1 9 1 9 1 3 1 11 1 3 1 11 1 11 1 11 1 11 1 11 1 4 1 13 1 4 1 13 1 13 1 13 1 13 1 13 1 4 1 13 1 4 1 13 1 13 1 13 1 13 1 13 1 0 0 15 0 0 0 15 0 15 0 15 0 15 0 15 0 0 0 15 0 0 0 15 0 15 0 15 0 15 0 15 0 0 0 15 0 0 0 15 0 15 0 15 0 15 0 15 0 0 0 15 0 0 0 15 0 15 0 15 0 15 0 15 0 	0	1	2 0 0 0 0 	1 0 1 2 2 
16 18 1 31 1 19 0 32 0 31 1 31 1 32 0 32 0 37 0 37 0 38 0 38 0 37 0 37 0 38 0 38 0 18 1 31 1 19 0 32 0 31 1 31 1 32 0 32 0 37 0 37 0 38 0 38 0 37 0 37 0 38 0 38 0 20 0 33 0 3 0 11 0 33 0 33 0 11 0 11 0 39 0 39 0 16 0 16 0 39 0 39 0 16 0 16 0 20 0 33 0 3 0 11 0 33 0 33 0 11 0 11 0 39 0 39 0 16 0 16 0 39 0 39 0 16 0 16 0 19 0 32 0 19 0 32 0 32 0 32 0 32 0 32 0 38 0 38 0 38 0 38 0 38 0 38 0 38 0 38 0 19 0 32 0 19 0 32 0 32 0 32 0 32 0 32 0 38 0 38 0 38 0 38 0 38 0 38 0 38 0 38 0 3 0 11 0 3 0 11 0 11 0 11 0 11 0 11 0 16 0 16 0 16 0 16 0 16 0 16 0 16 0 16 0 3 0 11 0 3 0 11 0 11 0 11 0 11 0 11 0 16 0 16 0 16 0 16 0 16 0 16 0 16 0 16 0 	0	3	1 2 4 0 0 	0 0 1 0 1 
17 19 1 32 1 7 0 12 0 32 1 32 1 12 0 12 0 38 1 38 1 17 0 17 0 38 1 38 1 17 0 17 0 19 1 32 1 7 0 12 0 32 1 32 1 12 0 12 0 38 1 38 1 17 0 17 0 38 1 38 1 17 0 17 0 3 1 11 1 7 0 12 0 11 1 11 1 12 0 12 0 16 1 16 1 17 0 17 0 16 1 16 1 17 0 17 0 3 1 11 1 7 0 12 0 11 1 11 1 12 0 12 0 16 1 16 1 17 0 17 0 16 1 16 1 17 0 17 0 7 0 12 0 7 0 12 0 12 0 12 0 12 0 12 0 17 0 17 0 17 0 17 0 17 0 17 0 17 0 17 0 7 0 12 0 7 0 12 0 12 0 12 0 12 0 12 0 17 0 17 0 17 0 17 0 17 0 17 0 17 0 17 0 7 0 12 0 7 0 12 0 12 0 12 0 12 0 12 0 17 0 17 0 17 0 17 0 17 0 17 0 17 0 17 0 7 0 12 0 7 0 12 0 12 0 12 0 12 0 12 0 17 0 17 0 17 0 17 0 17 0 17 0 17 0 17 0 	0	1	1 0 0 0 0 	0 1 2 1 2 
18 18 1 31 1 19 0 32 0 31 1 31 1 32 0 32 0 37 0 37 0 38 0 38 0 37 0 37 0 38 0 38 0 21 0 34 0 22 0 35 0 34 0 34 0 35 0 35 0 40 0 40 0 41 0 41 0 40 0 40 0 41 0 41 0 20 0 33 0 3 0 11 0 33 0 33 0 11 0 11 0 39 0 39 0 16 0 16 0 39 0 39 0 16 0 16 0 23 0 36 0 4 0 13 0 36 0 36 0 13 0 13 0 42 0 42 0 18 0 18 0 42 0 42 0 18 0 18 0 19 0 32 0 19 0 32 0 32 0 32 0 32 0 32 0 38 0 38 0 38 0 38 0 38 0 38 0 38 0 38 0 22 0 35 0 22 0 35 0 35 0 35 0 35 0 35 0 41 0 41 0 41 0 41 0 41 0 41 0 41 0 41 0 3 0 11 0 3 0 11 0 11 0 11 0 11 0 11 0 16 0 16 0 16 0 16 0 16 0 16 0 16 0 16 0 4 0 13 0 4 0 13 0 13 0 13 0 13 0 13 0 18 0 18 0 18 0 18 0 18 0 18 0 18 0 18 0 	0	4	1 2 3 4 0 	0 0 0 0 1 
19 19 1 32 1 7 0 12 0 32 1 32 1 12 0 12 0 38 1 38 1 17 0 17 0 38 1 38 1 17 0 17 0 22 1 35 1 8 0 14 0 35 1 35 1 14 0 14 0 41 1 41 1 19 0 19 0 41 1 41 1 19 0 19 0 3 1 11 1 7 0 12 0 11 1 11 1 12 0 12 0 16 1 16 1 17 0 17 0 16 1 16 1 17 0 17 0 4 1 13 1 8 0 14 0 13 1 13 1 14 0 14 0 18 1 18 1 19 0 19 0 18 1 18 1 19 0 19 0 7 0 12 0 7 0 12 0 12 0 12 0 12 0 12 0 17 0 17 0 17 0 17 0 17 0 17 0 17 0 17 0 8 0 14 0 8 0 14 0 14 0 14 0 14 0 14 0 19 0 19 0 19 0 19 0 19 0 19 0 19 0 19 0 7 0 12 0 7 0 12 0 12 0 12 0 12 0 12 0 17 0 17 0 17 0 17 0 17 0 17 0 17 0 17 0 8 0 14 0 8 0 14 0 14 0 14 0 14 0 14 0 19 0 19 0 19 0 19 0 19 0 19 0 19 0 19 0 	0	1	1 0 0 0 0 	0 1 1 1 2 
20 3 1 11 1 3 1 11 1 11 1 11 1 11 1 11 1 16 1 16 1 16 1 16 1 16 1 16 1 16 1 16 1 4 1 13 1 4 1 13 1 13 1 13 1 13 1 13 1 18 1 18 1 18 1 18 1 18 1 18 1 18 1 18 1 0 0 15 0 0 0 15 0 15 0 15 0 15 0 15 0 20 0 20 0 20 0 20 0 20 0 20 0 20 0 20 0 0 0 15 0 0 0 15 0 15 0 15 0 15 0 15 0 20 0 20 0 20 0 20 0 20 0 20 0 20 0 20 0 3 1 11 1 3 1 11 1 11 1 11 1 11 1 11 1 16 1 16 1 16 1 16 1 16 1 16 1 16 1 16 1 4 1 13 1 4 1 13 1 13 1 13 1 13 1 13 1 18 1 18 1 18 1 18 1 18 1 18 1 18 1 18 1 0 0 15 0 0 0 15 0 15 0 15 0 15 0 15 0 20 0 20 0 20 0 20 0 20 0 20 0 20 0 20 0 0 0 15 0 0 0 15 0 15 0 15 0 15 0 15 0 20 0 20 0 20 0 20 0 20 0 20 0 20 0 20 0 	0	1	2 0 0 0 0 	1 0 1 1 2 
21 23 1 36 1 4 1 13 1 36 1 36 1 13 1 13 1 42 1 42 1 18 1 18 1 42 1 42 1 18 1 18 1 43 0 43 0 21 0 21 0 43 0 43 0 21 0 21 0 43 0 43 0 21 0 21 0 43 0 43 0 21 0 21 0 23 1 36 1 4 1 13 1 36 1 36 1 13 1 13 1 42 1 42 1 18 1 18 1 42 1 42 1 18 1 18 1 43 0 43 0 21 0 21 0 43 0 43 0 21 0 21 0 43 0 43 0 21 0 21 0 43 0 43 0 21 0 21 0 4 1 13 1 4 1 13 1 13 1 13 1 13 1 13 1 18 1 18 1 18 1 18 1 18 1 18 1 18 1 18 1 21 0 21 0 21 0 21 0 21 0 21 0 21 0 21 0 21 0 21 0 21 0 21 0 21 0 21 0 21 0 21 0 4 1 13 1 4 1 13 1 13 1 13 1 13 1 13 1 18 1 18 1 18 1 18 1 18 1 18 1 18 1 18 1 21 0 21 0 21 0 21 0 21 0 21 0 21 0 21 0 21 0 21 0 21 0 21 0 21 0 21 0 21 0 21 0 	0	1	3 0 0 0 0 	1 1 0 1 2 
22 4 1 13 1 8 0 14 0 13 1 13 1 14 0 14 0 18 1 18 1 19 0 19 0 18 1 18 1 19 0 19 0 21 0 21 0 22 0 22 0 21 0 21 0 22 0 22 0 21 0 21 0 22 0 22 0 21 0 21 0 22 0 22 0 4 1 13 1 8 0 14 0 13 1 13 1 14 0 14 0 18 1 18 1 19 0 19 0 18 1 18 1 19 0 19 0 21 0 21 0 22 0 22 0 21 0 21 0 22 0 22 0 21 0 21 0 22 0 22 0 21 0 21 0 22 0 22 0 8 0 14 0 8 0 14 0 14 0 14 0 14 0 14 0 19 0 19 0 19 0 19 0 19 0 19 0 19 0 19 0 22 0 22 0 22 0 22 0 22 0 22 0 22 0 22 0 22 0 22 0 22 0 22 0 22 0 22 0 22 0 22 0 8 0 14 0 8 0 14 0 14 0 14 0 14 0 14 0 19 0 19 0 19 0 19 0 19 0 19 0 19 0 19 0 22 0 22 0 22 0 22 0 22 0 22 0 22 0 22 0 22 0 22 0 22 0 22 0 22 0 22 0 22 0 22 0 	0	2	1 3 0 0 0 	0 1 0 1 2 
23 4 1 13 1 4 1 13 1 13 1 13 1 13 1 13 1 18 1 18 1 18 1 18 1 18 1 18 1 18 1 18 1 21 0 21 0 21 0 21 0 21 0 21 0 21 0 21 0 21 0 21 0 21 0 21 0 21 0 21 0 21 0 21 0 0 0 15 0 0 0 15 0 15 0 15 0 15 0 15 0 20 0 20 0 20 0 20 0 20 0 20 0 20 0 20 0 23 0 23 0 23 0 23 0 23 0 23 0 23 0 23 0 23 0 23 0 23 0 23 0 23 0 23 0 23 0 23 0 4 1 13 1 4 1 13 1 13 1 13 1 13 1 13 1 18 1 18 1 18 1 18 1 18 1 18 1 18 1 18 1 21 0 21 0 21 0 21 0 21 0 21 0 21 0 21 0 21 0 21 0 21 0 21 0 21 0 21 0 21 0 21 0 0 0 15 0 0 0 15 0 15 0 15 0 15 0 15 0 20 0 20 0 20 0 20 0 20 0 20 0 20 0 20 0 23 0 23 0 23 0 23 0 23 0 23 0 23 0 23 0 23 0 23 0 23 0 23 0 23 0 23 0 23 0 23 0 	0	2	2 3 0 0 0 	1 0 0 1 2 
24 29 1 44 0 30 0 45 0 44 0 44 0 45 0 45 0 29 1 44 0 30 0 45 0 44 0 44 0 45 0 45 0 31 1 46 0 32 0 47 0 46 0 46 0 47 0 47 0 31 1 46 0 32 0 47 0 46 0 46 0 47 0 47 0 33 0 48 0 11 0 24 0 48 0 48 0 24 0 24 0 33 0 48 0 11 0 24 0 48 0 48 0 24 0 24 0 33 0 48 0 11 0 24 0 48 0 48 0 24 0 24 0 33 0 48 0 11 0 24 0 48 0 48 0 24 0 24 0 30 0 45 0 30 0 45 0 45 0 45 0 45 0 45 0 30 0 45 0 30 0 45 0 45 0 45 0 45 0 45 0 32 0 47 0 32 0 47 0 47 0 47 0 47 0 47 0 32 0 47 0 32 0 47 0 47 0 47 0 47 0 47 0 11 0 24 0 11 0 24 0 24 0 24 0 24 0 24 0 11 0 24 0 11 0 24 0 24 0 24 0 24 0 24 0 11 0 24 0 11 0 24 0 24 0 24 0 24 0 24 0 11 0 24 0 11 0 24 0 24 0 24 0 24 0 24 0 	0	3	1 2 5 0 0 	0 0 1 1 0 
25 30 1 45 1 12 0 25 0 45 1 45 1 25 0 25 0 30 1 45 1 12 0 25 0 45 1 45 1 25 0 25 0 32 1 47 1 12 0 25 0 47 1 47 1 25 0 25 0 32 1 47 1 12 0 25 0 47 1 47 1 25 0 25 0 11 1 24 1 12 0 25 0 24 1 24 1 25 0 25 0 11 1 24 1 12 0 25 0 24 1 24 1 25 0 25 0 11 1 24 1 12 0 25 0 24 1 24 1 25 0 25 0 11 1 24 1 12 0 25 0 24 1 24 1 25 0 25 0 12 0 25 0 12 0 25 0 25 0 25 0 25 0 25 0 12 0 25 0 12 0 25 0 25 0 25 0 25 0 25 0 12 0 25 0 12 0 25 0 25 0 25 0 25 0 25 0 12 0 25 0 12 0 25 0 25 0 25 0 25 0 25 0 12 0 25 0 12 0 25 0 25 0 25 0 25 0 25 0 12 0 25 0 12 0 25 0 25 0 25 0 25 0 25 0 12 0 25 0 12 0 25 0 25 0 25 0 25 0 25 0 12 0 25 0 12 0 25 0 25 0 25 0 25 0 25 0 	0	1	1 0 0 0 0 	0 1 2 2 1 
26 31 1 46 0 32 0 47 0 46 0 46 0 47 0 47 0 31 1 46 0 32 0 47 0 46 0 46 0 47 0 47 0 34 0 49 0 35 0 50 0 49 0 49 0 50 0 50 0 34 0 49 0 35 0 50 0 49 0 49 0 50 0 50 0 33 0 48 0 11 0 24 0 48 0 48 0 24 0 24 0 33 0 48 0 11 0 24 0 48 0 48 0 24 0 24 0 36 0 51 0 13 0 26 0 51 0 51 0 26 0 26 0 36 0 51 0 13 0 26 0 51 0 51 0 26 0 26 0 32 0 47 0 32 0 47 0 47 0 47 0 47 0 47 0 32 0 47 0 32 0 47 0 47 0 47 0 47 0 47 0 35 0 50 0 35 0 50 0 50 0 50 0 50 0 50 0 35 0 50 0 35 0 50 0 50 0 50 0 50 0 50 0 11 0 24 0 11 0 24 0 24 0 24 0 24 0 24 0 11 0 24 0 11 0 24 0 24 0 24 0 24 0 24 0 13 0 26 0 13 0 26 0 26 0 26 0 26 0 26 0 13 0 26 0 13 0 26 0 26 0 26 0 26 0 26 0 	0	4	1 2 3 5 0 	0 0 0 1 0 
27 32 1 47 1 12 0 25 0 47 1 47 1 25 0 25 0 32 1 47 1 12 0 25 0 47 1 47 1 25 0 25 0 35 1 50 1 14 0 27 0 50 1 50 1 27 0 27 0 35 1 50 1 14 0 27 0 50 1 50 1 27 0 27 0 11 1 24 1 12 0 25 0 24 1 24 1 25 0 25 0 11 1 24 1 12 0 25 0 24 1 24 1 25 0 25 0 13 1 26 1 14 0 27 0 26 1 26 1 27 0 27 0 13 1 26 1 14 0 27 0 26 1 26 1 27 0 27 0 12 0 25 0 12 0 25 0 25 0 25 0 25 0 25 0 12 0 25 0 12 0 25 0 25 0 25 0 25 0 25 0 14 0 27 0 14 0 27 0 27 0 27 0 27 0 27 0 14 0 27 0 14 0 27 0 27 0 27 0 27 0 27 0 12 0 25 0 12 0 25 0 25 0 25 0 25 0 25 0 12 0 25 0 12 0 25 0 25 0 25 0 25 0 25 0 14 0 27 0 14 0 27 0 27 0 27 0 27 0 27 0 14 0 27 0 14 0 27 0 27 0 27 0 27 0 27 0 	0	1	1 0 0 0 0 	0 1 1 2 1 
28 11 1 24 1 11 1 24 1 24 1 24 1 24 1 24 1 11 1 24 1 11 1 24 1 24 1 24 1 24 1 24 1 13 1 26 1 13 1 26 1 26 1 26 1 26 1 26 1 13 1 26 1 13 1 26 1 26 1 26 1 26 1 26 1 15 0 28 0 15 0 28 0 28 0 28 0 28 0 28 0 15 0 28 0 15 0 28 0 28 0 28 0 28 0 28 0 15 0 28 0 15 0 28 0 28 0 28 0 28 0 28 0 15 0 28 0 15 0 28 0 28 0 28 0 28 0 28 0 11 1 24 1 11 1 24 1 24 1 24 1 24 1 24 1 11 1 24 1 11 1 24 1 24 1 24 1 24 1 24 1 13 1 26 1 13 1 26 1 26 1 26 1 26 1 26 1 13 1 26 1 13 1 26 1 26 1 26 1 26 1 26 1 15 0 28 0 15 0 28 0 28 0 28 0 28 0 28 0 15 0 28 0 15 0 28 0 28 0 28 0 28 0 28 0 15 0 28 0 15 0 28 0 28 0 28 0 28 0 28 0 15 0 28 0 15 0 28 0 28 0 28 0 28 0 28 0 	0	1	2 0 0 0 0 	1 0 1 2 1 
29 31 1 46 0 32 0 47 0 46 0 46 0 47 0 47 0 37 0 52 0 38 0 53 0 52 0 52 0 53 0 53 0 31 1 46 0 32 0 47 0 46 0 46 0 47 0 47 0 37 0 52 0 38 0 53 0 52 0 52 0 53 0 53 0 33 0 48 0 11 0 24 0 48 0 48 0 24 0 24 0 39 0 54 0 16 0 29 0 54 0 54 0 29 0 29 0 33 0 48 0 11 0 24 0 48 0 48 0 24 0 24 0 39 0 54 0 16 0 29 0 54 0 54 0 29 0 29 0 32 0 47 0 32 0 47 0 47 0 47 0 47 0 47 0 38 0 53 0 38 0 53 0 53 0 53 0 53 0 53 0 32 0 47 0 32 0 47 0 47 0 47 0 47 0 47 0 38 0 53 0 38 0 53 0 53 0 53 0 53 0 53 0 11 0 24 0 11 0 24 0 24 0 24 0 24 0 24 0 16 0 29 0 16 0 29 0 29 0 29 0 29 0 29 0 11 0 24 0 11 0 24 0 24 0 24 0 24 0 24 0 16 0 29 0 16 0 29 0 29 0 29 0 29 0 29 0 	0	4	1 2 4 5 0 	0 0 1 0 0 
30 32 1 47 1 12 0 25 0 47 1 47 1 25 0 25 0 38 1 53 1 17 0 30 0 53 1 53 1 30 0 30 0 32 1 47 1 12 0 25 0 47 1 47 1 25 0 25 0 38 1 53 1 17 0 30 0 53 1 53 1 30 0 30 0 11 1 24 1 12 0 25 0 24 1 24 1 25 0 25 0 16 1 29 1 17 0 30 0 29 1 29 1 30 0 30 0 11 1 24 1 12 0 25 0 24 1 24 1 25 0 25 0 16 1 29 1 17 0 30 0 29 1 29 1 30 0 30 0 12 0 25 0 12 0 25 0 25 0 25 0 25 0 25 0 17 0 30 0 17 0 30 0 30 0 30 0 30 0 30 0 12 0 25 0 12 0 25 0 25 0 25 0 25 0 25 0 17 0 30 0 17 0 30 0 30 0 30 0 30 0 30 0 12 0 25 0 12 0 25 0 25 0 25 0 25 0 25 0 17 0 30 0 17 0 30 0 30 0 30 0 30 0 30 0 12 0 25 0 12 0 25 0 25 0 25 0 25 0 25 0 17 0 30 0 17 0 30 0 30 0 30 0 30 0 30 0 	0	1	1 0 0 0 0 	0 1 2 1 1 
31 31 1 46 0 32 0 47 0 46 0 46 0 47 0 47 0 37 0 52 0 38 0 53 0 52 0 52 0 53 0 53 0 34 0 49 0 35 0 50 0 49 0 49 0 50 0 50 0 40 0 55 0 41 0 56 0 55 0 55 0 56 0 56 0 33 0 48 0 11 0 24 0 48 0 48 0 24 0 24 0 39 0 54 0 16 0 29 0 54 0 54 0 29 0 29 0 36 0 51 0 13 0 26 0 51 0 51 0 26 0 26 0 42 0 57 0 18 0 31 0 57 0 57 0 31 0 31 0 32 0 47 0 32 0 47 0 47 0 47 0 47 0 47 0 38 0 53 0 38 0 53 0 53 0 53 0 53 0 53 0 35 0 50 0 35 0 50 0 50 0 50 0 50 0 50 0 41 0 56 0 41 0 56 0 56 0 56 0 56 0 56 0 11 0 24 0 11 0 24 0 24 0 24 0 24 0 24 0 16 0 29 0 16 0 29 0 29 0 29 0 29 0 29 0 13 0 26 0 13 0 26 0 26 0 26 0 26 0 26 0 18 0 31 0 18 0 31 0 31 0 31 0 31 0 31 0 	0	5	1 2 3 4 5 	0 0 0 0 0 
32 32 1 47 1 12 0 25 0 47 1 47 1 25 0 25 0 38 1 53 1 17 0 30 0 53 1 53 1 30 0 30 0 35 1 50 1 14 0 27 0 50 1 50 1 27 0 27 0 41 1 56 1 19 0 32 0 56 1 56 1 32 0 32 0 11 1 24 1 12 0 25 0 24 1 24 1 25 0 25 0 16 1 29 1 17 0 30 0 29 1 29 1 30 0 30 0 13 1 26 1 14 0 27 0 26 1 26 1 27 0 27 0 18 1 31 1 19 0 32 0 31 1 31 1 32 0 32 0 12 0 25 0 12 0 25 0 25 0 25 0 25 0 25 0 17 0 30 0 17 0 30 0 30 0 30 0 30 0 30 0 14 0 27 0 14 0 27 0 27 0 27 0 27 0 27 0 19 0 32 0 19 0 32 0 32 0 32 0 32 0 32 0 12 0 25 0 12 0 25 0 25 0 25 0 25 0 25 0 17 0 30 0 17 0 30 0 30 0 30 0 30 0 30 0 14 0 27 0 14 0 27 0 27 0 27 0 27 0 27 0 19 0 32 0 19 0 32 0 32 0 32 0 32 0 32 0 	0	1	1 0 0 0 0 	0 1 1 1 1 
33 11 1 24 1 11 1 24 1 24 1 24 1 24 1 24 1 16 1 29 1 16 1 29 1 29 1 29 1 29 1 29 1 13 1 26 1 13 1 26 1 26 1 26 1 26 1 26 1 18 1 31 1 18 1 31 1 31 1 31 1 31 1 31 1 15 0 28 0 15 0 28 0 28 0 28 0 28 0 28 0 20 0 33 0 20 0 33 0 33 0 33 0 33 0 33 0 15 0 28 0 15 0 28 0 28 0 28 0 28 0 28 0 20 0 33 0 20 0 33 0 33 0 33 0 33 0 33 0 11 1 24 1 11 1 24 1 24 1 24 1 24 1 24 1 16 1 29 1 16 1 29 1 29 1 29 1 29 1 29 1 13 1 26 1 13 1 26 1 26 1 26 1 26 1 26 1 18 1 31 1 18 1 31 1 31 1 31 1 31 1 31 1 15 0 28 0 15 0 28 0 28 0 28 0 28 0 28 0 20 0 33 0 20 0 33 0 33 0 33 0 33 0 33 0 15 0 28 0 15 0 28 0 28 0 28 0 28 0 28 0 20 0 33 0 20 0 33 0 33 0 33 0 33 0 33 0 	0	1	2 0 0 0 0 	1 0 1 1 1 
34 36 1 51 1 13 1 26 1 51 1 51 1 26 1 26 1 42 1 57 1 18 1 31 1 57 1 57 1 31 1 31 1 43 0 58 0 21 0 34 0 58 0 58 0 34 0 34 0 43 0 58 0 21 0 34 0 58 0 58 0 34 0 34 0 36 1 51 1 13 1 26 1 51 1 51 1 26 1 26 1 42 1 57 1 18 1 31 1 57 1 57 1 31 1 31 1 43 0 58 0 21 0 34 0 58 0 58 0 34 0 34 0 43 0 58 0 21 0 34 0 58 0 58 0 34 0 34 0 13 1 26 1 13 1 26 1 26 1 26 1 26 1 26 1 18 1 31 1 18 1 31 1 31 1 31 1 31 1 31 1 21 0 34 0 21 0 34 0 34 0 34 0 34 0 34 0 21 0 34 0 21 0 34 0 34 0 34 0 34 0 34 0 13 1 26 1 13 1 26 1 26 1 26 1 26 1 26 1 18 1 31 1 18 1 31 1 31 1 31 1 31 1 31 1 21 0 34 0 21 0 34 0 34 0 34 0 34 0 34 0 21 0 34 0 21 0 34 0 34 0 34 0 34 0 34 0 	0	1	3 0 0 0 0 	1 1 0 1 1 
35 13 1 26 1 14 0 27 0 26 1 26 1 27 0 27 0 18 1 31 1 19 0 32 0 31 1 31 1 32 0 32 0 21 0 34 0 22 0 35 0 34 0 34 0 35 0 35 0 21 0 34 0 22 0 35 0 34 0 34 0 35 0 35 0 13 1 26 1 14 0 27 0 26 1 26 1 27 0 27 0 18 1 31 1 19 0 32 0 31 1 31 1 32 0 32 0 21 0 34 0 22 0 35 0 34 0 34 0 35 0 35 0 21 0 34 0 22 0 35 0 34 0 34 0 35 0 35 0 14 0 27 0 14 0 27 0 27 0 27 0 27 0 27 0 19 0 32 0 19 0 32 0 32 0 32 0 32 0 32 0 22 0 35 0 22 0 35 0 35 0 35 0 35 0 35 0 22 0 35 0 22 0 35 0 35 0 35 0 35 0 35 0 14 0 27 0 14 0 27 0 27 0 27 0 27 0 27 0 19 0 32 0 19 0 32 0 32 0 32 0 32 0 32 0 22 0 35 0 22 0 35 0 35 0 35 0 35 0 35 0 22 0 35 0 22 0 35 0 35 0 35 0 35 0 35 0 	0	2	1 3 0 0 0 	0 1 0 1 1 
36 13 1 26 1 13 1 26 1 26 1 26 1 26 1 26 1 18 1 31 1 18 1 31 1 31 1 31 1 31 1 31 1 21 0 34 0 21 0 34 0 34 0 34 0 34 0 34 0 21 0 34 0 21 0 34 0 34 0 34 0 34 0 34 0 15 0 28 0 15 0 28 0 28 0 28 0 28 0 28 0 20 0 33 0 20 0 33 0 33 0 33 0 33 0 33 0 23 0 36 0 23 0 36 0 36 0 36 0 36 0 36 0 23 0 36 0 23 0 36 0 36 0 36 0 36 0 36 0 13 1 26 1 13 1 26 1 26 1 26 1 26 1 26 1 18 1 31 1 18 1 31 1 31 1 31 1 31 1 31 1 21 0 34 0 21 0 34 0 34 0 34 0 34 0 34 0 21 0 34 0 21 0 34 0 34 0 34 0 34 0 34 0 15 0 28 0 15 0 28 0 28 0 28 0 28 0 28 0 20 0 33 0 20 0 33 0 33 0 33 0 33 0 33 0 23 0 36 0 23 0 36 0 36 0 36 0 36 0 36 0 23 0 36 0 23 0 36 0 36 0 36 0 36 0 36 0 	0	2	2 3 0 0 0 	1 0 0 1 1 
37 40 1 55 1 41 1 56 1 55 1 55 1 56 1 56 1 59 0 59 0 60 0 60 0 59 0 59 0 60 0 60 0 40 1 55 1 41 1 56 1 55 1 55 1 56 1 56 1 59 0 59 0 60 0 60 0 59 0 59 0 60 0 60 0 42 1 57 1 18 1 31 1 57 1 57 1 31 1 31 1 61 0 61 0 37 0 37 0 61 0 61 0 37 0 37 0 42 1 57 1 18 1 31 1 57 1 57 1 31 1 31 1 61 0 61 0 37 0 37 0 61 0 61 0 37 0 37 0 41 1 56 1 41 1 56 1 56 1 56 1 56 1 56 1 60 0 60 0 60 0 60 0 60 0 60 0 60 0 60 0 41 1 56 1 41 1 56 1 56 1 56 1 56 1 56 1 60 0 60 0 60 0 60 0 60 0 60 0 60 0 60 0 18 1 31 1 18 1 31 1 31 1 31 1 31 1 31 1 37 0 37 0 37 0 37 0 37 0 37 0 37 0 37 0 18 1 31 1 18 1 31 1 31 1 31 1 31 1 31 1 37 0 37 0 37 0 37 0 37 0 37 0 37 0 37 0 	0	1	4 0 0 0 0 	1 1 1 0 1 
38 41 1 56 1 19 0 32 0 56 1 56 1 32 0 32 0 60 0 60 0 38 0 38 0 60 0 60 0 38 0 38 0 41 1 56 1 19 0 32 0 56 1 56 1 32 0 32 0 60 0 60 0 38 0 38 0 60 0 60 0 38 0 38 0 18 1 31 1 19 0 32 0 31 1 31 1 32 0 32 0 37 0 37 0 38 0 38 0 37 0 37 0 38 0 38 0 18 1 31 1 19 0 32 0 31 1 31 1 32 0 32 0 37 0 37 0 38 0 38 0 37 0 37 0 38 0 38 0 19 0 32 0 19 0 32 0 32 0 32 0 32 0 32 0 38 0 38 0 38 0 38 0 38 0 38 0 38 0 38 0 19 0 32 0 19 0 32 0 32 0 32 0 32 0 32 0 38 0 38 0 38 0 38 0 38 0 38 0 38 0 38 0 19 0 32 0 19 0 32 0 32 0 32 0 32 0 32 0 38 0 38 0 38 0 38 0 38 0 38 0 38 0 38 0 19 0 32 0 19 0 32 0 32 0 32 0 32 0 32 0 38 0 38 0 38 0 38 0 38 0 38 0 38 0 38 0 	0	2	1 4 0 0 0 	0 1 1 0 1 
39 18 1 31 1 18 1 31 1 31 1 31 1 31 1 31 1 37 0 37 0 37 0 37 0 37 0 37 0 37 0 37 0 18 1 31 1 18 1 31 1 31 1 31 1 31 1 31 1 37 0 37 0 37 0 37 0 37 0 37 0 37 0 37 0 20 0 33 0 20 0 33 0 33 0 33 0 33 0 33 0 39 0 39 0 39 0 39 0 39 0 39 0 39 0 39 0 20 0 33 0 20 0 33 0 33 0 33 0 33 0 33 0 39 0 39 0 39 0 39 0 39 0 39 0 39 0 39 0 18 1 31 1 18 1 31 1 31 1 31 1 31 1 31 1 37 0 37 0 37 0 37 0 37 0 37 0 37 0 37 0 18 1 31 1 18 1 31 1 31 1 31 1 31 1 31 1 37 0 37 0 37 0 37 0 37 0 37 0 37 0 37 0 20 0 33 0 20 0 33 0 33 0 33 0 33 0 33 0 39 0 39 0 39 0 39 0 39 0 39 0 39 0 39 0 20 0 33 0 20 0 33 0 33 0 33 0 33 0 33 0 39 0 39 0 39 0 39 0 39 0 39 0 39 0 39 0 	0	2	2 4 0 0 0 	1 0 1 0 1 
40 42 1 57 1 18 1 31 1 57 1 57 1 31 1 31 1 61 0 61 0 37 0 37 0 61 0 61 0 37 0 37 0 43 0 58 0 21 0 34 0 58 0 58 0 34 0 34 0 62 0 62 0 40 0 40 0 62 0 62 0 40 0 40 0 42 1 57 1 18 1 31 1 57 1 57 1 31 1 31 1 61 0 61 0 37 0 37 0 61 0 61 0 37 0 37 0 43 0 58 0 21 0 34 0 58 0 58 0 34 0 34 0 62 0 62 0 40 0 40 0 62 0 62 0 40 0 40 0 18 1 31 1 18 1 31 1 31 1 31 1 31 1 31 1 37 0 37 0 37 0 37 0 37 0 37 0 37 0 37 0 21 0 34 0 21 0 34 0 34 0 34 0 34 0 34 0 40 0 40 0 40 0 40 0 40 0 40 0 40 0 40 0 18 1 31 1 18 1 31 1 31 1 31 1 31 1 31 1 37 0 37 0 37 0 37 0 37 0 37 0 37 0 37 0 21 0 34 0 21 0 34 0 34 0 34 0 34 0 34 0 40 0 40 0 40 0 40 0 40 0 40 0 40 0 40 0 	0	2	3 4 0 0 0 	1 1 0 0 1 
41 18 1 31 1 19 0 32 0 31 1 31 1 32 0 32 0 37 0 37 0 38 0 38 0 37 0 37 0 38 0 38 0 21 0 34 0 22 0 35 0 34 0 34 0 35 0 35 0 40 0 40 0 41 0 41 0 40 0 40 0 41 0 41 0 18 1 31 1 19 0 32 0 31 1 31 1 32 0 32 0 37 0 37 0 38 0 38 0 37 0 37 0 38 0 38 0 21 0 34 0 22 0 35 0 34 0 34 0 35 0 35 0 40 0 40 0 41 0 41 0 40 0 40 0 41 0 41 0 19 0 32 0 19 0 32 0 32 0 32 0 32 0 32 0 38 0 38 0 38 0 38 0 38 0 38 0 38 0 38 0 22 0 35 0 22 0 35 0 35 0 35 0 35 0 35 0 41 0 41 0 41 0 41 0 41 0 41 0 41 0 41 0 19 0 32 0 19 0 32 0 32 0 32 0 32 0 32 0 38 0 38 0 38 0 38 0 38 0 38 0 38 0 38 0 22 0 35 0 22 0 35 0 35 0 35 0 35 0 35 0 41 0 41 0 41 0 41 0 41 0 41 0 41 0 41 0 	0	3	1 3 4 0 0 	0 1 0 0 1 
42 18 1 31 1 18 1 31 1 31 1 31 1 31 1 31 1 37 0 37 0 37 0 37 0 37 0 37 0 37 0 37 0 21 0 34 0 21 0 34 0 34 0 34 0 34 0 34 0 40 0 40 0 40 0 40 0 40 0 40 0 40 0 40 0 20 0 33 0 20 0 33 0 33 0 33 0 33 0 33 0 39 0 39 0 39 0 39 0 39 0 39 0 39 0 39 0 23 0 36 0 23 0 36 0 36 0 36 0 36 0 36 0 42 0 42 0 42 0 42 0 42 0 42 0 42 0 42 0 18 1 31 1 18 1 31 1 31 1 31 1 31 1 31 1 37 0 37 0 37 0 37 0 37 0 37 0 37 0 37 0 21 0 34 0 21 0 34 0 34 0 34 0 34 0 34 0 40 0 40 0 40 0 40 0 40 0 40 0 40 0 40 0 20 0 33 0 20 0 33 0 33 0 33 0 33 0 33 0 39 0 39 0 39 0 39 0 39 0 39 0 39 0 39 0 23 0 36 0 23 0 36 0 36 0 36 0 36 0 36 0 42 0 42 0 42 0 42 0 42 0 42 0 42 0 42 0 	0	3	2 3 4 0 0 	1 0 0 0 1 
43 23 1 36 1 23 1 36 1 36 1 36 1 36 1 36 1 42 1 42 1 42 1 42 1 42 1 42 1 42 1 42 1 43 0 43 0 43 0 43 0 43 0 43 0 43 0 43 0 43 0 43 0 43 0 43 0 43 0 43 0 43 0 43 0 23 1 36 1 23 1 36 1 36 1 36 1 36 1 36 1 42 1 42 1 42 1 42 1 42 1 42 1 42 1 42 1 43 0 43 0 43 0 43 0 43 0 43 0 43 0 43 0 43 0 43 0 43 0 43 0 43 0 43 0 43 0 43 0 23 1 36 1 23 1 36 1 36 1 36 1 36 1 36 1 42 1 42 1 42 1 42 1 42 1 42 1 42 1 42 1 43 0 43 0 43 0 43 0 43 0 43 0 43 0 43 0 43 0 43 0 43 0 43 0 43 0 43 0 43 0 43 0 23 1 36 1 23 1 36 1 36 1 36 1 36 1 36 1 42 1 42 1 42 1 42 1 42 1 42 1 42 1 42 1 43 0 43 0 43 0 43 0 43 0 43 0 43 0 43 0 43 0 43 0 43 0 43 0 43 0 43 0 43 0 43 0 	0	1	3 0 0 0 0 	2 1 0 1 2 
44 52 1 63 0 53 1 64 0 63 0 63 0 64 0 64 0 52 1 63 0 53 1 64 0 63 0 63 0 64 0 64 0 52 1 63 0 53 1 64 0 63 0 63 0 64 0 64 0 52 1 63 0 53 1 64 0 63 0 63 0 64 0 64 0 54 1 65 0 29 1 44 0 65 0 65 0 44 0 44 0 54 1 65 0 29 1 44 0 65 0 65 0 44 0 44 0 54 1 65 0 29 1 44 0 65 0 65 0 44 0 44 0 54 1 65 0 29 1 44 0 65 0 65 0 44 0 44 0 53 1 64 0 53 1 64 0 64 0 64 0 64 0 64 0 53 1 64 0 53 1 64 0 64 0 64 0 64 0 64 0 53 1 64 0 53 1 64 0 64 0 64 0 64 0 64 0 53 1 64 0 53 1 64 0 64 0 64 0 64 0 64 0 29 1 44 0 29 1 44 0 44 0 44 0 44 0 44 0 29 1 44 0 29 1 44 0 44 0 44 0 44 0 44 0 29 1 44 0 29 1 44 0 44 0 44 0 44 0 44 0 29 1 44 0 29 1 44 0 44 0 44 0 44 0 44 0 	0	1	5 0 0 0 0 	1 1 2 1 0 
45 53 1 64 0 30 0 45 0 64 0 64 0 45 0 45 0 53 1 64 0 30 0 45 0 64 0 64 0 45 0 45 0 53 1 64 0 30 0 45 0 64 0 64 0 45 0 45 0 53 1 64 0 30 0 45 0 64 0 64 0 45 0 45 0 29 1 44 0 30 0 45 0 44 0 44 0 45 0 45 0 29 1 44 0 30 0 45 0 44 0 44 0 45 0 45 0 29 1 44 0 30 0 45 0 44 0 44 0 45 0 45 0 29 1 44 0 30 0 45 0 44 0 44 0 45 0 45 0 30 0 45 0 30 0 45 0 45 0 45 0 45 0 45 0 30 0 45 0 30 0 45 0 45 0 45 0 45 0 45 0 30 0 45 0 30 0 45 0 45 0 45 0 45 0 45 0 30 0 45 0 30 0 45 0 45 0 45 0 45 0 45 0 30 0 45 0 30 0 45 0 45 0 45 0 45 0 45 0 30 0 45 0 30 0 45 0 45 0 45 0 45 0 45 0 30 0 45 0 30 0 45 0 45 0 45 0 45 0 45 0 30 0 45 0 30 0 45 0 45 0 45 0 45 0 45 0 	0	2	1 5 0 0 0 	0 1 2 1 0 
46 52 1 63 0 53 1 64 0 63 0 63 0 64 0 64 0 52 1 63 0 53 1 64 0 63 0 63 0 64 0 64 0 55 1 66 0 56 1 67 0 66 0 66 0 67 0 67 0 55 1 66 0 56 1 67 0 66 0 66 0 67 0 67 0 54 1 65 0 29 1 44 0 65 0 65 0 44 0 44 0 54 1 65 0 29 1 44 0 65 0 65 0 44 0 44 0 57 1 68 0 31 1 46 0 68 0 68 0 46 0 46 0 57 1 68 0 31 1 46 0 68 0 68 0 46 0 46 0 53 1 64 0 53 1 64 0 64 0 64 0 64 0 64 0 53 1 64 0 53 1 64 0 64 0 64 0 64 0 64 0 56 1 67 0 56 1 67 0 67 0 67 0 67 0 67 0 56 1 67 0 56 1 67 0 67 0 67 0 67 0 67 0 29 1 44 0 29 1 44 0 44 0 44 0 44 0 44 0 29 1 44 0 29 1 44 0 44 0 44 0 44 0 44 0 31 1 46 0 31 1 46 0 46 0 46 0 46 0 46 0 31 1 46 0 31 1 46 0 46 0 46 0 46 0 46 0 	0	1	5 0 0 0 0 	1 1 1 1 0 
47 53 1 64 0 30 0 45 0 64 0 64 0 45 0 45 0 53 1 64 0 30 0 45 0 64 0 64 0 45 0 45 0 56 1 67 0 32 0 47 0 67 0 67 0 47 0 47 0 56 1 67 0 32 0 47 0 67 0 67 0 47 0 47 0 29 1 44 0 30 0 45 0 44 0 44 0 45 0 45 0 29 1 44 0 30 0 45 0 44 0 44 0 45 0 45 0 31 1 46 0 32 0 47 0 46 0 46 0 47 0 47 0 31 1 46 0 32 0 47 0 46 0 46 0 47 0 47 0 30 0 45 0 30 0 45 0 45 0 45 0 45 0 45 0 30 0 45 0 30 0 45 0 45 0 45 0 45 0 45 0 32 0 47 0 32 0 47 0 47 0 47 0 47 0 47 0 32 0 47 0 32 0 47 0 47 0 47 0 47 0 47 0 30 0 45 0 30 0 45 0 45 0 45 0 45 0 45 0 30 0 45 0 30 0 45 0 45 0 45 0 45 0 45 0 32 0 47 0 32 0 47 0 47 0 47 0 47 0 47 0 32 0 47 0 32 0 47 0 47 0 47 0 47 0 47 0 	0	2	1 5 0 0 0 	0 1 1 1 0 
48 29 1 44 0 29 1 44 0 44 0 44 0 44 0 44 0 29 1 44 0 29 1 44 0 44 0 44 0 44 0 44 0 31 1 46 0 31 1 46 0 46 0 46 0 46 0 46 0 31 1 46 0 31 1 46 0 46 0 46 0 46 0 46 0 33 0 48 0 33 0 48 0 48 0 48 0 48 0 48 0 33 0 48 0 33 0 48 0 48 0 48 0 48 0 48 0 33 0 48 0 33 0 48 0 48 0 48 0 48 0 48 0 33 0 48 0 33 0 48 0 48 0 48 0 48 0 48 0 29 1 44 0 29 1 44 0 44 0 44 0 44 0 44 0 29 1 44 0 29 1 44 0 44 0 44 0 44 0 44 0 31 1 46 0 31 1 46 0 46 0 46 0 46 0 46 0 31 1 46 0 31 1 46 0 46 0 46 0 46 0 46 0 33 0 48 0 33 0 48 0 48 0 48 0 48 0 48 0 33 0 48 0 33 0 48 0 48 0 48 0 48 0 48 0 33 0 48 0 33 0 48 0 48 0 48 0 48 0 48 0 33 0 48 0 33 0 48 0 48 0 48 0 48 0 48 0 	0	2	2 5 0 0 0 	1 0 1 1 0 
49 57 1 68 0 31 1 46 0 68 0 68 0 46 0 46 0 57 1 68 0 31 1 46 0 68 0 68 0 46 0 46 0 58 0 69 0 34 0 49 0 69 0 69 0 49 0 49 0 58 0 69 0 34 0 49 0 69 0 69 0 49 0 49 0 57 1 68 0 31 1 46 0 68 0 68 0 46 0 46 0 57 1 68 0 31 1 46 0 68 0 68 0 46 0 46 0 58 0 69 0 34 0 49 0 69 0 69 0 49 0 49 0 58 0 69 0 34 0 49 0 69 0 69 0 49 0 49 0 31 1 46 0 31 1 46 0 46 0 46 0 46 0 46 0 31 1 46 0 31 1 46 0 46 0 46 0 46 0 46 0 34 0 49 0 34 0 49 0 49 0 49 0 49 0 49 0 34 0 49 0 34 0 49 0 49 0 49 0 49 0 49 0 31 1 46 0 31 1 46 0 46 0 46 0 46 0 46 0 31 1 46 0 31 1 46 0 46 0 46 0 46 0 46 0 34 0 49 0 34 0 49 0 49 0 49 0 49 0 49 0 34 0 49 0 34 0 49 0 49 0 49 0 49 0 49 0 	0	2	3 5 0 0 0 	1 1 0 1 0 
50 31 1 46 0 32 0 47 0 46 0 46 0 47 0 47 0 31 1 46 0 32 0 47 0 46 0 46 0 47 0 47 0 34 0 49 0 35 0 50 0 49 0 49 0 50 0 50 0 34 0 49 0 35 0 50 0 49 0 49 0 50 0 50 0 31 1 46 0 32 0 47 0 46 0 46 0 47 0 47 0 31 1 46 0 32 0 47 0 46 0 46 0 47 0 47 0 34 0 49 0 35 0 50 0 49 0 49 0 50 0 50 0 34 0 49 0 35 0 50 0 49 0 49 0 50 0 50 0 32 0 47 0 32 0 47 0 47 0 47 0 47 0 47 0 32 0 47 0 32 0 47 0 47 0 47 0 47 0 47 0 35 0 50 0 35 0 50 0 50 0 50 0 50 0 50 0 35 0 50 0 35 0 50 0 50 0 50 0 50 0 50 0 32 0 47 0 32 0 47 0 47 0 47 0 47 0 47 0 32 0 47 0 32 0 47 0 47 0 47 0 47 0 47 0 35 0 50 0 35 0 50 0 50 0 50 0 50 0 50 0 35 0 50 0 35 0 50 0 50 0 50 0 50 0 50 0 	0	3	1 3 5 0 0 	0 1 0 1 0 
51 31 1 46 0 31 1 46 0 46 0 46 0 46 0 46 0 31 1 46 0 31 1 46 0 46 0 46 0 46 0 46 0 34 0 49 0 34 0 49 0 49 0 49 0 49 0 49 0 34 0 49 0 34 0 49 0 49 0 49 0 49 0 49 0 33 0 48 0 33 0 48 0 48 0 48 0 48 0 48 0 33 0 48 0 33 0 48 0 48 0 48 0 48 0 48 0 36 0 51 0 36 0 51 0 51 0 51 0 51 0 51 0 36 0 51 0 36 0 51 0 51 0 51 0 51 0 51 0 31 1 46 0 31 1 46 0 46 0 46 0 46 0 46 0 31 1 46 0 31 1 46 0 46 0 46 0 46 0 46 0 34 0 49 0 34 0 49 0 49 0 49 0 49 0 49 0 34 0 49 0 34 0 49 0 49 0 49 0 49 0 49 0 33 0 48 0 33 0 48 0 48 0 48 0 48 0 48 0 33 0 48 0 33 0 48 0 48 0 48 0 48 0 48 0 36 0 51 0 36 0 51 0 51 0 51 0 51 0 51 0 36 0 51 0 36 0 51 0 51 0 51 0 51 0 51 0 	0	3	2 3 5 0 0 	1 0 0 1 0 
52 55 1 66 0 56 1 67 0 66 0 66 0 67 0 67 0 59 0 70 0 60 0 71 0 70 0 70 0 71 0 71 0 55 1 66 0 56 1 67 0 66 0 66 0 67 0 67 0 59 0 70 0 60 0 71 0 70 0 70 0 71 0 71 0 57 1 68 0 31 1 46 0 68 0 68 0 46 0 46 0 61 0 72 0 37 0 52 0 72 0 72 0 52 0 52 0 57 1 68 0 31 1 46 0 68 0 68 0 46 0 46 0 61 0 72 0 37 0 52 0 72 0 72 0 52 0 52 0 56 1 67 0 56 1 67 0 67 0 67 0 67 0 67 0 60 0 71 0 60 0 71 0 71 0 71 0 71 0 71 0 56 1 67 0 56 1 67 0 67 0 67 0 67 0 67 0 60 0 71 0 60 0 71 0 71 0 71 0 71 0 71 0 31 1 46 0 31 1 46 0 46 0 46 0 46 0 46 0 37 0 52 0 37 0 52 0 52 0 52 0 52 0 52 0 31 1 46 0 31 1 46 0 46 0 46 0 46 0 46 0 37 0 52 0 37 0 52 0 52 0 52 0 52 0 52 0 	0	2	4 5 0 0 0 	1 1 1 0 0 
53 56 1 67 0 32 0 47 0 67 0 67 0 47 0 47 0 60 0 71 0 38 0 53 0 71 0 71 0 53 0 53 0 56 1 67 0 32 0 47 0 67 0 67 0 47 0 47 0 60 0 71 0 38 0 53 0 71 0 71 0 53 0 53 0 31 1 46 0 32 0 47 0 46 0 46 0 47 0 47 0 37 0 52 0 38 0 53 0 52 0 52 0 53 0 53 0 31 1 46 0 32 0 47 0 46 0 46 0 47 0 47 0 37 0 52 0 38 0 53 0 52 0 52 0 53 0 53 0 32 0 47 0 32 0 47 0 47 0 47 0 47 0 47 0 38 0 53 0 38 0 53 0 53 0 53 0 53 0 53 0 32 0 47 0 32 0 47 0 47 0 47 0 47 0 47 0 38 0 53 0 38 0 53 0 53 0 53 0 53 0 53 0 32 0 47 0 32 0 47 0 47 0 47 0 47 0 47 0 38 0 53 0 38 0 53 0 53 0 53 0 53 0 53 0 32 0 47 0 32 0 47 0 47 0 47 0 47 0 47 0 38 0 53 0 38 0 53 0 53 0 53 0 53 0 53 0 	0	3	1 4 5 0 0 	0 1 1 0 0 
54 31 1 46 0 31 1 46 0 46 0 46 0 46 0 46 0 37 0 52 0 37 0 52 0 52 0 52 0 52 0 52 0 31 1 46 0 31 1 46 0 46 0 46 0 46 0 46 0 37 0 52 0 37 0 52 0 52 0 52 0 52 0 52 0 33 0 48 0 33 0 48 0 48 0 48 0 48 0 48 0 39 0 54 0 39 0 54 0 54 0 54 0 54 0 54 0 33 0 48 0 33 0 48 0 48 0 48 0 48 0 48 0 39 0 54 0 39 0 54 0 54 0 54 0 54 0 54 0 31 1 46 0 31 1 46 0 46 0 46 0 46 0 46 0 37 0 52 0 37 0 52 0 52 0 52 0 52 0 52 0 31 1 46 0 31 1 46 0 46 0 46 0 46 0 46 0 37 0 52 0 37 0 52 0 52 0 52 0 52 0 52 0 33 0 48 0 33 0 48 0 48 0 48 0 48 0 48 0 39 0 54 0 39 0 54 0 54 0 54 0 54 0 54 0 33 0 48 0 33 0 48 0 48 0 48 0 48 0 48 0 39 0 54 0 39 0 54 0 54 0 54 0 54 0 54 0 	0	3	2 4 5 0 0 	1 0 1 0 0 
55 57 1 68 0 31 1 46 0 68 0 68 0 46 0 46 0 61 0 72 0 37 0 52 0 72 0 72 0 52 0 52 0 58 0 69 0 34 0 49 0 69 0 69 0 49 0 49 0 62 0 73 0 40 0 55 0 73 0 73 0 55 0 55 0 57 1 68 0 31 1 46 0 68 0 68 0 46 0 46 0 61 0 72 0 37 0 52 0 72 0 72 0 52 0 52 0 58 0 69 0 34 0 49 0 69 0 69 0 49 0 49 0 62 0 73 0 40 0 55 0 73 0 73 0 55 0 55 0 31 1 46 0 31 1 46 0 46 0 46 0 46 0 46 0 37 0 52 0 37 0 52 0 52 0 52 0 52 0 52 0 34 0 49 0 34 0 49 0 49 0 49 0 49 0 49 0 40 0 55 0 40 0 55 0 55 0 55 0 55 0 55 0 31 1 46 0 31 1 46 0 46 0 46 0 46 0 46 0 37 0 52 0 37 0 52 0 52 0 52 0 52 0 52 0 34 0 49 0 34 0 49 0 49 0 49 0 49 0 49 0 40 0 55 0 40 0 55 0 55 0 55 0 55 0 55 0 	0	3	3 4 5 0 0 	1 1 0 0 0 
56 31 1 46 0 32 0 47 0 46 0 46 0 47 0 47 0 37 0 52 0 38 0 53 0 52 0 52 0 53 0 53 0 34 0 49 0 35 0 50 0 49 0 49 0 50 0 50 0 40 0 55 0 41 0 56 0 55 0 55 0 56 0 56 0 31 1 46 0 32 0 47 0 46 0 46 0 47 0 47 0 37 0 52 0 38 0 53 0 52 0 52 0 53 0 53 0 34 0 49 0 35 0 50 0 49 0 49 0 50 0 50 0 40 0 55 0 41 0 56 0 55 0 55 0 56 0 56 0 32 0 47 0 32 0 47 0 47 0 47 0 47 0 47 0 38 0 53 0 38 0 53 0 53 0 53 0 53 0 53 0 35 0 50 0 35 0 50 0 50 0 50 0 50 0 50 0 41 0 56 0 41 0 56 0 56 0 56 0 56 0 56 0 32 0 47 0 32 0 47 0 47 0 47 0 47 0 47 0 38 0 53 0 38 0 53 0 53 0 53 0 53 0 53 0 35 0 50 0 35 0 50 0 50 0 50 0 50 0 50 0 41 0 56 0 41 0 56 0 56 0 56 0 56 0 56 0 	0	4	1 3 4 5 0 	0 1 0 0 0 
57 31 1 46 0 31 1 46 0 46 0 46 0 46 0 46 0 37 0 52 0 37 0 52 0 52 0 52 0 52 0 52 0 34 0 49 0 34 0 49 0 49 0 49 0 49 0 49 0 40 0 55 0 40 0 55 0 55 0 55 0 55 0 55 0 33 0 48 0 33 0 48 0 48 0 48 0 48 0 48 0 39 0 54 0 39 0 54 0 54 0 54 0 54 0 54 0 36 0 51 0 36 0 51 0 51 0 51 0 51 0 51 0 42 0 57 0 42 0 57 0 57 0 57 0 57 0 57 0 31 1 46 0 31 1 46 0 46 0 46 0 46 0 46 0 37 0 52 0 37 0 52 0 52 0 52 0 52 0 52 0 34 0 49 0 34 0 49 0 49 0 49 0 49 0 49 0 40 0 55 0 40 0 55 0 55 0 55 0 55 0 55 0 33 0 48 0 33 0 48 0 48 0 48 0 48 0 48 0 39 0 54 0 39 0 54 0 54 0 54 0 54 0 54 0 36 0 51 0 36 0 51 0 51 0 51 0 51 0 51 0 42 0 57 0 42 0 57 0 57 0 57 0 57 0 57 0 	0	4	2 3 4 5 0 	1 0 0 0 0 
58 36 1 51 1 36 1 51 1 51 1 51 1 51 1 51 1 42 1 57 1 42 1 57 1 57 1 57 1 57 1 57 1 43 0 58 0 43 0 58 0 58 0 58 0 58 0 58 0 43 0 58 0 43 0 58 0 58 0 58 0 58 0 58 0 36 1 51 1 36 1 51 1 51 1 51 1 51 1 51 1 42 1 57 1 42 1 57 1 57 1 57 1 57 1 57 1 43 0 58 0 43 0 58 0 58 0 58 0 58 0 58 0 43 0 58 0 43 0 58 0 58 0 58 0 58 0 58 0 36 1 51 1 36 1 51 1 51 1 51 1 51 1 51 1 42 1 57 1 42 1 57 1 57 1 57 1 57 1 57 1 43 0 58 0 43 0 58 0 58 0 58 0 58 0 58 0 43 0 58 0 43 0 58 0 58 0 58 0 58 0 58 0 36 1 51 1 36 1 51 1 51 1 51 1 51 1 51 1 42 1 57 1 42 1 57 1 57 1 57 1 57 1 57 1 43 0 58 0 43 0 58 0 58 0 58 0 58 0 58 0 43 0 58 0 43 0 58 0 58 0 58 0 58 0 58 0 	0	1	3 0 0 0 0 	2 1 0 1 1 
59 62 1 73 1 40 1 55 1 73 1 73 1 55 1 55 1 74 0 74 0 59 0 59 0 74 0 74 0 59 0 59 0 62 1 73 1 40 1 55 1 73 1 73 1 55 1 55 1 74 0 74 0 59 0 59 0 74 0 74 0 59 0 59 0 62 1 73 1 40 1 55 1 73 1 73 1 55 1 55 1 74 0 74 0 59 0 59 0 74 0 74 0 59 0 59 0 62 1 73 1 40 1 55 1 73 1 73 1 55 1 55 1 74 0 74 0 59 0 59 0 74 0 74 0 59 0 59 0 40 1 55 1 40 1 55 1 55 1 55 1 55 1 55 1 59 0 59 0 59 0 59 0 59 0 59 0 59 0 59 0 40 1 55 1 40 1 55 1 55 1 55 1 55 1 55 1 59 0 59 0 59 0 59 0 59 0 59 0 59 0 59 0 40 1 55 1 40 1 55 1 55 1 55 1 55 1 55 1 59 0 59 0 59 0 59 0 59 0 59 0 59 0 59 0 40 1 55 1 40 1 55 1 55 1 55 1 55 1 55 1 59 0 59 0 59 0 59 0 59 0 59 0 59 0 59 0 	0	1	4 0 0 0 0 	2 2 1 0 1 
60 40 1 55 1 41 1 56 1 55 1 55 1 56 1 56 1 59 0 59 0 60 0 60 0 59 0 59 0 60 0 60 0 40 1 55 1 41 1 56 1 55 1 55 1 56 1 56 1 59 0 59 0 60 0 60 0 59 0 59 0 60 0 60 0 40 1 55 1 41 1 56 1 55 1 55 1 56 1 56 1 59 0 59 0 60 0 60 0 59 0 59 0 60 0 60 0 40 1 55 1 41 1 56 1 55 1 55 1 56 1 56 1 59 0 59 0 60 0 60 0 59 0 59 0 60 0 60 0 41 1 56 1 41 1 56 1 56 1 56 1 56 1 56 1 60 0 60 0 60 0 60 0 60 0 60 0 60 0 60 0 41 1 56 1 41 1 56 1 56 1 56 1 56 1 56 1 60 0 60 0 60 0 60 0 60 0 60 0 60 0 60 0 41 1 56 1 41 1 56 1 56 1 56 1 56 1 56 1 60 0 60 0 60 0 60 0 60 0 60 0 60 0 60 0 41 1 56 1 41 1 56 1 56 1 56 1 56 1 56 1 60 0 60 0 60 0 60 0 60 0 60 0 60 0 60 0 	0	1	4 0 0 0 0 	1 2 1 0 1 
61 40 1 55 1 40 1 55 1 55 1 55 1 55 1 55 1 59 0 59 0 59 0 59 0 59 0 59 0 59 0 59 0 40 1 55 1 40 1 55 1 55 1 55 1 55 1 55 1 59 0 59 0 59 0 59 0 59 0 59 0 59 0 59 0 42 1 57 1 42 1 57 1 57 1 57 1 57 1 57 1 61 0 61 0 61 0 61 0 61 0 61 0 61 0 61 0 42 1 57 1 42 1 57 1 57 1 57 1 57 1 57 1 61 0 61 0 61 0 61 0 61 0 61 0 61 0 61 0 40 1 55 1 40 1 55 1 55 1 55 1 55 1 55 1 59 0 59 0 59 0 59 0 59 0 59 0 59 0 59 0 40 1 55 1 40 1 55 1 55 1 55 1 55 1 55 1 59 0 59 0 59 0 59 0 59 0 59 0 59 0 59 0 42 1 57 1 42 1 57 1 57 1 57 1 57 1 57 1 61 0 61 0 61 0 61 0 61 0 61 0 61 0 61 0 42 1 57 1 42 1 57 1 57 1 57 1 57 1 57 1 61 0 61 0 61 0 61 0 61 0 61 0 61 0 61 0 	0	1	4 0 0 0 0 	2 1 1 0 1 
62 42 1 57 1 42 1 57 1 57 1 57 1 57 1 57 1 61 0 61 0 61 0 61 0 61 0 61 0 61 0 61 0 43 0 58 0 43 0 58 0 58 0 58 0 58 0 58 0 62 0 62 0 62 0 62 0 62 0 62 0 62 0 62 0 42 1 57 1 42 1 57 1 57 1 57 1 57 1 57 1 61 0 61 0 61 0 61 0 61 0 61 0 61 0 61 0 43 0 58 0 43 0 58 0 58 0 58 0 58 0 58 0 62 0 62 0 62 0 62 0 62 0 62 0 62 0 62 0 42 1 57 1 42 1 57 1 57 1 57 1 57 1 57 1 61 0 61 0 61 0 61 0 61 0 61 0 61 0 61 0 43 0 58 0 43 0 58 0 58 0 58 0 58 0 58 0 62 0 62 0 62 0 62 0 62 0 62 0 62 0 62 0 42 1 57 1 42 1 57 1 57 1 57 1 57 1 57 1 61 0 61 0 61 0 61 0 61 0 61 0 61 0 61 0 43 0 58 0 43 0 58 0 58 0 58 0 58 0 58 0 62 0 62 0 62 0 62 0 62 0 62 0 62 0 62 0 	0	2	3 4 0 0 0 	2 1 0 0 1 
63 70 1 75 0 71 1 76 0 75 0 75 0 76 0 76 0 70 1 75 0 71 1 76 0 75 0 75 0 76 0 76 0 70 1 75 0 71 1 76 0 75 0 75 0 76 0 76 0 70 1 75 0 71 1 76 0 75 0 75 0 76 0 76 0 72 1 77 0 52 1 63 0 77 0 77 0 63 0 63 0 72 1 77 0 52 1 63 0 77 0 77 0 63 0 63 0 72 1 77 0 52 1 63 0 77 0 77 0 63 0 63 0 72 1 77 0 52 1 63 0 77 0 77 0 63 0 63 0 71 1 76 0 71 1 76 0 76 0 76 0 76 0 76 0 71 1 76 0 71 1 76 0 76 0 76 0 76 0 76 0 71 1 76 0 71 1 76 0 76 0 76 0 76 0 76 0 71 1 76 0 71 1 76 0 76 0 76 0 76 0 76 0 52 1 63 0 52 1 63 0 63 0 63 0 63 0 63 0 52 1 63 0 52 1 63 0 63 0 63 0 63 0 63 0 52 1 63 0 52 1 63 0 63 0 63 0 63 0 63 0 52 1 63 0 52 1 63 0 63 0 63 0 63 0 63 0 	0	1	5 0 0 0 0 	2 2 2 1 0 
64 71 1 76 0 53 1 64 0 76 0 76 0 64 0 64 0 71 1 76 0 53 1 64 0 76 0 76 0 64 0 64 0 71 1 76 0 53 1 64 0 76 0 76 0 64 0 64 0 71 1 76 0 53 1 64 0 76 0 76 0 64 0 64 0 52 1 63 0 53 1 64 0 63 0 63 0 64 0 64 0 52 1 63 0 53 1 64 0 63 0 63 0 64 0 64 0 52 1 63 0 53 1 64 0 63 0 63 0 64 0 64 0 52 1 63 0 53 1 64 0 63 0 63 0 64 0 64 0 53 1 64 0 53 1 64 0 64 0 64 0 64 0 64 0 53 1 64 0 53 1 64 0 64 0 64 0 64 0 64 0 53 1 64 0 53 1 64 0 64 0 64 0 64 0 64 0 53 1 64 0 53 1 64 0 64 0 64 0 64 0 64 0 53 1 64 0 53 1 64 0 64 0 64 0 64 0 64 0 53 1 64 0 53 1 64 0 64 0 64 0 64 0 64 0 53 1 64 0 53 1 64 0 64 0 64 0 64 0 64 0 53 1 64 0 53 1 64 0 64 0 64 0 64 0 64 0 	0	1	5 0 0 0 0 	1 2 2 1 0 
65 52 1 63 0 52 1 63 0 63 0 63 0 63 0 63 0 52 1 63 0 52 1 63 0 63 0 63 0 63 0 63 0 52 1 63 0 52 1 63 0 63 0 63 0 63 0 63 0 52 1 63 0 52 1 63 0 63 0 63 0 63 0 63 0 54 1 65 0 54 1 65 0 65 0 65 0 65 0 65 0 54 1 65 0 54 1 65 0 65 0 65 0 65 0 65 0 54 1 65 0 54 1 65 0 65 0 65 0 65 0 65 0 54 1 65 0 54 1 65 0 65 0 65 0 65 0 65 0 52 1 63 0 52 1 63 0 63 0 63 0 63 0 63 0 52 1 63 0 52 1 63 0 63 0 63 0 63 0 63 0 52 1 63 0 52 1 63 0 63 0 63 0 63 0 63 0 52 1 63 0 52 1 63 0 63 0 63 0 63 0 63 0 54 1 65 0 54 1 65 0 65 0 65 0 65 0 65 0 54 1 65 0 54 1 65 0 65 0 65 0 65 0 65 0 54 1 65 0 54 1 65 0 65 0 65 0 65 0 65 0 54 1 65 0 54 1 65 0 65 0 65 0 65 0 65 0 	0	1	5 0 0 0 0 	2 1 2 1 0 
66 72 1 77 0 52 1 63 0 77 0 77 0 63 0 63 0 72 1 77 0 52 1 63 0 77 0 77 0 63 0 63 0 73 1 78 0 55 1 66 0 78 0 78 0 66 0 66 0 73 1 78 0 55 1 66 0 78 0 78 0 66 0 66 0 72 1 77 0 52 1 63 0 77 0 77 0 63 0 63 0 72 1 77 0 52 1 63 0 77 0 77 0 63 0 63 0 73 1 78 0 55 1 66 0 78 0 78 0 66 0 66 0 73 1 78 0 55 1 66 0 78 0 78 0 66 0 66 0 52 1 63 0 52 1 63 0 63 0 63 0 63 0 63 0 52 1 63 0 52 1 63 0 63 0 63 0 63 0 63 0 55 1 66 0 55 1 66 0 66 0 66 0 66 0 66 0 55 1 66 0 55 1 66 0 66 0 66 0 66 0 66 0 52 1 63 0 52 1 63 0 63 0 63 0 63 0 63 0 52 1 63 0 52 1 63 0 63 0 63 0 63 0 63 0 55 1 66 0 55 1 66 0 66 0 66 0 66 0 66 0 55 1 66 0 55 1 66 0 66 0 66 0 66 0 66 0 	0	1	5 0 0 0 0 	2 2 1 1 0 
67 52 1 63 0 53 1 64 0 63 0 63 0 64 0 64 0 52 1 63 0 53 1 64 0 63 0 63 0 64 0 64 0 55 1 66 0 56 1 67 0 66 0 66 0 67 0 67 0 55 1 66 0 56 1 67 0 66 0 66 0 67 0 67 0 52 1 63 0 53 1 64 0 63 0 63 0 64 0 64 0 52 1 63 0 53 1 64 0 63 0 63 0 64 0 64 0 55 1 66 0 56 1 67 0 66 0 66 0 67 0 67 0 55 1 66 0 56 1 67 0 66 0 66 0 67 0 67 0 53 1 64 0 53 1 64 0 64 0 64 0 64 0 64 0 53 1 64 0 53 1 64 0 64 0 64 0 64 0 64 0 56 1 67 0 56 1 67 0 67 0 67 0 67 0 67 0 56 1 67 0 56 1 67 0 67 0 67 0 67 0 67 0 53 1 64 0 53 1 64 0 64 0 64 0 64 0 64 0 53 1 64 0 53 1 64 0 64 0 64 0 64 0 64 0 56 1 67 0 56 1 67 0 67 0 67 0 67 0 67 0 56 1 67 0 56 1 67 0 67 0 67 0 67 0 67 0 	0	1	5 0 0 0 0 	1 2 1 1 0 
68 52 1 63 0 52 1 63 0 63 0 63 0 63 0 63 0 52 1 63 0 52 1 63 0 63 0 63 0 63 0 63 0 55 1 66 0 55 1 66 0 66 0 66 0 66 0 66 0 55 1 66 0 55 1 66 0 66 0 66 0 66 0 66 0 54 1 65 0 54 1 65 0 65 0 65 0 65 0 65 0 54 1 65 0 54 1 65 0 65 0 65 0 65 0 65 0 57 1 68 0 57 1 68 0 68 0 68 0 68 0 68 0 57 1 68 0 57 1 68 0 68 0 68 0 68 0 68 0 52 1 63 0 52 1 63 0 63 0 63 0 63 0 63 0 52 1 63 0 52 1 63 0 63 0 63 0 63 0 63 0 55 1 66 0 55 1 66 0 66 0 66 0 66 0 66 0 55 1 66 0 55 1 66 0 66 0 66 0 66 0 66 0 54 1 65 0 54 1 65 0 65 0 65 0 65 0 65 0 54 1 65 0 54 1 65 0 65 0 65 0 65 0 65 0 57 1 68 0 57 1 68 0 68 0 68 0 68 0 68 0 57 1 68 0 57 1 68 0 68 0 68 0 68 0 68 0 	0	1	5 0 0 0 0 	2 1 1 1 0 
69 57 1 68 0 57 1 68 0 68 0 68 0 68 0 68 0 57 1 68 0 57 1 68 0 68 0 68 0 68 0 68 0 58 0 69 0 58 0 69 0 69 0 69 0 69 0 69 0 58 0 69 0 58 0 69 0 69 0 69 0 69 0 69 0 57 1 68 0 57 1 68 0 68 0 68 0 68 0 68 0 57 1 68 0 57 1 68 0 68 0 68 0 68 0 68 0 58 0 69 0 58 0 69 0 69 0 69 0 69 0 69 0 58 0 69 0 58 0 69 0 69 0 69 0 69 0 69 0 57 1 68 0 57 1 68 0 68 0 68 0 68 0 68 0 57 1 68 0 57 1 68 0 68 0 68 0 68 0 68 0 58 0 69 0 58 0 69 0 69 0 69 0 69 0 69 0 58 0 69 0 58 0 69 0 69 0 69 0 69 0 69 0 57 1 68 0 57 1 68 0 68 0 68 0 68 0 68 0 57 1 68 0 57 1 68 0 68 0 68 0 68 0 68 0 58 0 69 0 58 0 69 0 69 0 69 0 69 0 69 0 58 0 69 0 58 0 69 0 69 0 69 0 69 0 69 0 	0	2	3 5 0 0 0 	2 1 0 1 0 
70 73 1 78 0 55 1 66 0 78 0 78 0 66 0 66 0 74 0 79 0 59 0 70 0 79 0 79 0 70 0 70 0 73 1 78 0 55 1 66 0 78 0 78 0 66 0 66 0 74 0 79 0 59 0 70 0 79 0 79 0 70 0 70 0 73 1 78 0 55 1 66 0 78 0 78 0 66 0 66 0 74 0 79 0 59 0 70 0 79 0 79 0 70 0 70 0 73 1 78 0 55 1 66 0 78 0 78 0 66 0 66 0 74 0 79 0 59 0 70 0 79 0 79 0 70 0 70 0 55 1 66 0 55 1 66 0 66 0 66 0 66 0 66 0 59 0 70 0 59 0 70 0 70 0 70 0 70 0 70 0 55 1 66 0 55 1 66 0 66 0 66 0 66 0 66 0 59 0 70 0 59 0 70 0 70 0 70 0 70 0 70 0 55 1 66 0 55 1 66 0 66 0 66 0 66 0 66 0 59 0 70 0 59 0 70 0 70 0 70 0 70 0 70 0 55 1 66 0 55 1 66 0 66 0 66 0 66 0 66 0 59 0 70 0 59 0 70 0 70 0 70 0 70 0 70 0 	0	2	4 5 0 0 0 	2 2 1 0 0 
71 55 1 66 0 56 1 67 0 66 0 66 0 67 0 67 0 59 0 70 0 60 0 71 0 70 0 70 0 71 0 71 0 55 1 66 0 56 1 67 0 66 0 66 0 67 0 67 0 59 0 70 0 60 0 71 0 70 0 70 0 71 0 71 0 55 1 66 0 56 1 67 0 66 0 66 0 67 0 67 0 59 0 70 0 60 0 71 0 70 0 70 0 71 0 71 0 55 1 66 0 56 1 67 0 66 0 66 0 67 0 67 0 59 0 70 0 60 0 71 0 70 0 70 0 71 0 71 0 56 1 67 0 56 1 67 0 67 0 67 0 67 0 67 0 60 0 71 0 60 0 71 0 71 0 71 0 71 0 71 0 56 1 67 0 56 1 67 0 67 0 67 0 67 0 67 0 60 0 71 0 60 0 71 0 71 0 71 0 71 0 71 0 56 1 67 0 56 1 67 0 67 0 67 0 67 0 67 0 60 0 71 0 60 0 71 0 71 0 71 0 71 0 71 0 56 1 67 0 56 1 67 0 67 0 67 0 67 0 67 0 60 0 71 0 60 0 71 0 71 0 71 0 71 0 71 0 	0	2	4 5 0 0 0 	1 2 1 0 0 
72 55 1 66 0 55 1 66 0 66 0 66 0 66 0 66 0 59 0 70 0 59 0 70 0 70 0 70 0 70 0 70 0 55 1 66 0 55 1 66 0 66 0 66 0 66 0 66 0 59 0 70 0 59 0 70 0 70 0 70 0 70 0 70 0 57 1 68 0 57 1 68 0 68 0 68 0 68 0 68 0 61 0 72 0 61 0 72 0 72 0 72 0 72 0 72 0 57 1 68 0 57 1 68 0 68 0 68 0 68 0 68 0 61 0 72 0 61 0 72 0 72 0 72 0 72 0 72 0 55 1 66 0 55 1 66 0 66 0 66 0 66 0 66 0 59 0 70 0 59 0 70 0 70 0 70 0 70 0 70 0 55 1 66 0 55 1 66 0 66 0 66 0 66 0 66 0 59 0 70 0 59 0 70 0 70 0 70 0 70 0 70 0 57 1 68 0 57 1 68 0 68 0 68 0 68 0 68 0 61 0 72 0 61 0 72 0 72 0 72 0 72 0 72 0 57 1 68 0 57 1 68 0 68 0 68 0 68 0 68 0 61 0 72 0 61 0 72 0 72 0 72 0 72 0 72 0 	0	2	4 5 0 0 0 	2 1 1 0 0 
73 57 1 68 0 57 1 68 0 68 0 68 0 68 0 68 0 61 0 72 0 61 0 72 0 72 0 72 0 72 0 72 0 58 0 69 0 58 0 69 0 69 0 69 0 69 0 69 0 62 0 73 0 62 0 73 0 73 0 73 0 73 0 73 0 57 1 68 0 57 1 68 0 68 0 68 0 68 0 68 0 61 0 72 0 61 0 72 0 72 0 72 0 72 0 72 0 58 0 69 0 58 0 69 0 69 0 69 0 69 0 69 0 62 0 73 0 62 0 73 0 73 0 73 0 73 0 73 0 57 1 68 0 57 1 68 0 68 0 68 0 68 0 68 0 61 0 72 0 61 0 72 0 72 0 72 0 72 0 72 0 58 0 69 0 58 0 69 0 69 0 69 0 69 0 69 0 62 0 73 0 62 0 73 0 73 0 73 0 73 0 73 0 57 1 68 0 57 1 68 0 68 0 68 0 68 0 68 0 61 0 72 0 61 0 72 0 72 0 72 0 72 0 72 0 58 0 69 0 58 0 69 0 69 0 69 0 69 0 69 0 62 0 73 0 62 0 73 0 73 0 73 0 73 0 73 0 	0	3	3 4 5 0 0 	2 1 0 0 0 
74 62 1 73 1 62 1 73 1 73 1 73 1 73 1 73 1 74 0 74 0 74 0 74 0 74 0 74 0 74 0 74 0 62 1 73 1 62 1 73 1 73 1 73 1 73 1 73 1 74 0 74 0 74 0 74 0 74 0 74 0 74 0 74 0 62 1 73 1 62 1 73 1 73 1 73 1 73 1 73 1 74 0 74 0 74 0 74 0 74 0 74 0 74 0 74 0 62 1 73 1 62 1 73 1 73 1 73 1 73 1 73 1 74 0 74 0 74 0 74 0 74 0 74 0 74 0 74 0 62 1 73 1 62 1 73 1 73 1 73 1 73 1 73 1 74 0 74 0 74 0 74 0 74 0 74 0 74 0 74 0 62 1 73 1 62 1 73 1 73 1 73 1 73 1 73 1 74 0 74 0 74 0 74 0 74 0 74 0 74 0 74 0 62 1 73 1 62 1 73 1 73 1 73 1 73 1 73 1 74 0 74 0 74 0 74 0 74 0 74 0 74 0 74 0 62 1 73 1 62 1 73 1 73 1 73 1 73 1 73 1 74 0 74 0 74 0 74 0 74 0 74 0 74 0 74 0 	0	1	4 0 0 0 0 	3 2 1 0 1 
75 79 1 80 0 70 1 75 0 80 0 80 0 75 0 75 0 79 1 80 0 70 1 75 0 80 0 80 0 75 0 75 0 79 1 80 0 70 1 75 0 80 0 80 0 75 0 75 0 79 1 80 0 70 1 75 0 80 0 80 0 75 0 75 0 79 1 80 0 70 1 75 0 80 0 80 0 75 0 75 0 79 1 80 0 70 1 75 0 80 0 80 0 75 0 75 0 79 1 80 0 70 1 75 0 80 0 80 0 75 0 75 0 79 1 80 0 70 1 75 0 80 0 80 0 75 0 75 0 70 1 75 0 70 1 75 0 75 0 75 0 75 0 75 0 70 1 75 0 70 1 75 0 75 0 75 0 75 0 75 0 70 1 75 0 70 1 75 0 75 0 75 0 75 0 75 0 70 1 75 0 70 1 75 0 75 0 75 0 75 0 75 0 70 1 75 0 70 1 75 0 75 0 75 0 75 0 75 0 70 1 75 0 70 1 75 0 75 0 75 0 75 0 75 0 70 1 75 0 70 1 75 0 75 0 75 0 75 0 75 0 70 1 75 0 70 1 75 0 75 0 75 0 75 0 75 0 	0	1	5 0 0 0 0 	3 3 2 1 0 
76 70 1 75 0 71 1 76 0 75 0 75 0 76 0 76 0 70 1 75 0 71 1 76 0 75 0 75 0 76 0 76 0 70 1 75 0 71 1 76 0 75 0 75 0 76 0 76 0 70 1 75 0 71 1 76 0 75 0 75 0 76 0 76 0 70 1 75 0 71 1 76 0 75 0 75 0 76 0 76 0 70 1 75 0 71 1 76 0 75 0 75 0 76 0 76 0 70 1 75 0 71 1 76 0 75 0 75 0 76 0 76 0 70 1 75 0 71 1 76 0 75 0 75 0 76 0 76 0 71 1 76 0 71 1 76 0 76 0 76 0 76 0 76 0 71 1 76 0 71 1 76 0 76 0 76 0 76 0 76 0 71 1 76 0 71 1 76 0 76 0 76 0 76 0 76 0 71 1 76 0 71 1 76 0 76 0 76 0 76 0 76 0 71 1 76 0 71 1 76 0 76 0 76 0 76 0 76 0 71 1 76 0 71 1 76 0 76 0 76 0 76 0 76 0 71 1 76 0 71 1 76 0 76 0 76 0 76 0 76 0 71 1 76 0 71 1 76 0 76 0 76 0 76 0 76 0 	0	1	5 0 0 0 0 	2 3 2 1 0 
77 70 1 75 0 70 1 75 0 75 0 75 0 75 0 75 0 70 1 75 0 70 1 75 0 75 0 75 0 75 0 75 0 70 1 75 0 70 1 75 0 75 0 75 0 75 0 75 0 70 1 75 0 70 1 75 0 75 0 75 0 75 0 75 0 72 1 77 0 72 1 77 0 77 0 77 0 77 0 77 0 72 1 77 0 72 1 77 0 77 0 77 0 77 0 77 0 72 1 77 0 72 1 77 0 77 0 77 0 77 0 77 0 72 1 77 0 72 1 77 0 77 0 77 0 77 0 77 0 70 1 75 0 70 1 75 0 75 0 75 0 75 0 75 0 70 1 75 0 70 1 75 0 75 0 75 0 75 0 75 0 70 1 75 0 70 1 75 0 75 0 75 0 75 0 75 0 70 1 75 0 70 1 75 0 75 0 75 0 75 0 75 0 72 1 77 0 72 1 77 0 77 0 77 0 77 0 77 0 72 1 77 0 72 1 77 0 77 0 77 0 77 0 77 0 72 1 77 0 72 1 77 0 77 0 77 0 77 0 77 0 72 1 77 0 72 1 77 0 77 0 77 0 77 0 77 0 	0	1	5 0 0 0 0 	3 2 2 1 0 
78 72 1 77 0 72 1 77 0 77 0 77 0 77 0 77 0 72 1 77 0 72 1 77 0 77 0 77 0 77 0 77 0 73 1 78 0 73 1 78 0 78 0 78 0 78 0 78 0 73 1 78 0 73 1 78 0 78 0 78 0 78 0 78 0 72 1 77 0 72 1 77 0 77 0 77 0 77 0 77 0 72 1 77 0 72 1 77 0 77 0 77 0 77 0 77 0 73 1 78 0 73 1 78 0 78 0 78 0 78 0 78 0 73 1 78 0 73 1 78 0 78 0 78 0 78 0 78 0 72 1 77 0 72 1 77 0 77 0 77 0 77 0 77 0 72 1 77 0 72 1 77 0 77 0 77 0 77 0 77 0 73 1 78 0 73 1 78 0 78 0 78 0 78 0 78 0 73 1 78 0 73 1 78 0 78 0 78 0 78 0 78 0 72 1 77 0 72 1 77 0 77 0 77 0 77 0 77 0 72 1 77 0 72 1 77 0 77 0 77 0 77 0 77 0 73 1 78 0 73 1 78 0 78 0 78 0 78 0 78 0 73 1 78 0 73 1 78 0 78 0 78 0 78 0 78 0 	0	1	5 0 0 0 0 	3 2 1 1 0 
79 73 1 78 0 73 1 78 0 78 0 78 0 78 0 78 0 74 0 79 0 74 0 79 0 79 0 79 0 79 0 79 0 73 1 78 0 73 1 78 0 78 0 78 0 78 0 78 0 74 0 79 0 74 0 79 0 79 0 79 0 79 0 79 0 73 1 78 0 73 1 78 0 78 0 78 0 78 0 78 0 74 0 79 0 74 0 79 0 79 0 79 0 79 0 79 0 73 1 78 0 73 1 78 0 78 0 78 0 78 0 78 0 74 0 79 0 74 0 79 0 79 0 79 0 79 0 79 0 73 1 78 0 73 1 78 0 78 0 78 0 78 0 78 0 74 0 79 0 74 0 79 0 79 0 79 0 79 0 79 0 73 1 78 0 73 1 78 0 78 0 78 0 78 0 78 0 74 0 79 0 74 0 79 0 79 0 79 0 79 0 79 0 73 1 78 0 73 1 78 0 78 0 78 0 78 0 78 0 74 0 79 0 74 0 79 0 79 0 79 0 79 0 79 0 73 1 78 0 73 1 78 0 78 0 78 0 78 0 78 0 74 0 79 0 74 0 79 0 79 0 79 0 79 0 79 0 	0	2	4 5 0 0 0 	3 2 1 0 0 
80 79 1 80 0 79 1 80 0 80 0 80 0 80 0 80 0 79 1 80 0 79 1 80 0 80 0 80 0 80 0 80 0 79 1 80 0 79 1 80 0 80 0 80 0 80 0 80 0 79 1 80 0 79 1 80 0 80 0 80 0 80 0 80 0 79 1 80 0 79 1 80 0 80 0 80 0 80 0 80 0 79 1 80 0 79 1 80 0 80 0 80 0 80 0 80 0 79 1 80 0 79 1 80 0 80 0 80 0 80 0 80 0 79 1 80 0 79 1 80 0 80 0 80 0 80 0 80 0 79 1 80 0 79 1 80 0 80 0 80 0 80 0 80 0 79 1 80 0 79 1 80 0 80 0 80 0 80 0 80 0 79 1 80 0 79 1 80 0 80 0 80 0 80 0 80 0 79 1 80 0 79 1 80 0 80 0 80 0 80 0 80 0 79 1 80 0 79 1 80 0 80 0 80 0 80 0 80 0 79 1 80 0 79 1 80 0 80 0 80 0 80 0 80 0 79 1 80 0 79 1 80 0 80 0 80 0 80 0 80 0 79 1 80 0 79 1 80 0 80 0 80 0 80 0 80 0 	0	1	5 0 0 0 0 	4 3 2 1 0 
